NEW,P.SYMBOL,P.DATE,CURRENCY,P.PRICE,EST.S.DATE,EST.S.PRICE,EST.PROFITPCT,EST.PROFITPCT252D,T.DATE,T.PRICE,STATUS,PROFITPCT,PROFITPCT252D,DATEPCT,PRICEPCT
-,ASX-ANZ,2020-01-21,AUD,25.51,2020-10-09,26.58,4.19,4.0,2020-02-13,26.58,CLOSED,4.19,46.0,9.0,100.0
-,ASX-VVR,2020-01-22,AUD,2.75,2020-03-10,2.89,5.09,27.0,2020-02-17,2.89,CLOSED,5.09,49.0,54.0,100.0
-,ASX-VVR,2020-01-22,AUD,2.75,2020-10-04,2.91,5.82,6.0,2020-02-17,2.91,CLOSED,5.82,56.0,10.0,100.0
-,ASX-A2M,2020-01-22,AUD,15.59,2020-04-15,19.81,27.07,81.0,2020-04-15,18.1,CLOSED,16.1,48.0,100.0,59.0
-,ASX-VVR,2020-01-22,AUD,2.75,2020-02-13,2.83,2.91,33.0,2020-02-13,2.78,CLOSED,1.09,12.0,100.0,37.0
-,ASX-A2M,2020-01-22,AUD,15.59,2020-02-25,17.25,10.65,79.0,2020-02-25,15.14,CLOSED,-2.89,-21.0,100.0,-27.0
-,DLR,2020-01-22,USD,126.28,2020-07-24,139.05,10.11,14.0,2020-03-13,139.05,CLOSED,10.11,50.0,28.0,100.0
-,ASX-A2M,2020-01-22,AUD,15.59,2020-07-05,23.89,53.24,81.0,2020-07-03,19.83,OPEN,27.2,42.0,99.0,51.0
-,ASX-VVR,2020-01-22,AUD,2.75,2020-07-06,3.05,10.91,17.0,2020-05-15,2.44,OPEN,-11.27,-25.0,69.0,-103.0
-,ASX-A2M,2020-01-22,AUD,15.59,2020-10-24,34.02,118.22,108.0,2020-07-03,19.83,OPEN,27.2,42.0,59.0,23.0
-,ASX-BOQ,2020-01-22,AUD,7.4,2020-12-09,8.02,8.38,7.0,2020-07-03,6.19,OPEN,-16.35,-25.0,51.0,-195.0
-,0175.HK,2020-01-22,HKD,14.1,2020-11-15,18.96,34.47,29.0,2020-07-03,14.16,OPEN,0.43,1.0,55.0,1.0
-,RIO,2020-01-22,USD,60.5,2020-10-06,68.82,13.75,13.0,2020-07-02,56.29,OPEN,-6.96,-11.0,63.0,-51.0
-,ASX-A2M,2020-01-23,AUD,15.31,2020-03-10,18.0,17.57,94.0,2020-03-10,16.04,CLOSED,4.77,26.0,100.0,27.0
-,ASX-A2M,2020-01-23,AUD,15.31,2020-08-10,19.97,30.44,38.0,2020-06-18,19.97,CLOSED,30.44,52.0,74.0,100.0
-,ASX-A2M,2020-01-23,AUD,15.31,2020-06-09,18.2,18.88,34.0,2020-04-15,18.2,CLOSED,18.88,57.0,60.0,100.0
-,ASX-A2M,2020-01-23,AUD,15.31,2020-10-07,15.72,2.68,3.0,2020-02-17,15.72,CLOSED,2.68,27.0,10.0,100.0
-,ASX-A2M,2020-01-23,AUD,15.31,2020-02-13,16.63,8.62,103.0,2020-02-13,15.2,CLOSED,-0.72,-9.0,100.0,-8.0
-,ASX-A2M,2020-01-23,AUD,15.31,2020-02-03,15.78,3.07,70.0,2020-02-03,14.16,CLOSED,-7.51,-172.0,100.0,-245.0
-,ASX-A2M,2020-01-23,AUD,15.31,2020-02-13,16.63,8.62,103.0,2020-02-13,15.2,CLOSED,-0.72,-9.0,100.0,-8.0
-,ASX-A2M,2020-01-23,AUD,15.31,2020-03-04,18.48,20.71,127.0,2020-03-04,16.18,CLOSED,5.68,35.0,100.0,27.0
-,NFLX,2020-01-23,USD,349.6,2020-08-04,491.61,40.62,53.0,2020-02-17,491.61,CLOSED,40.62,409.0,13.0,100.0
-,ITA,2020-01-23,USD,231.24,2020-05-25,239.52,3.58,7.0,2020-02-11,239.52,CLOSED,3.58,47.0,15.0,100.0
-,NFLX,2020-01-23,USD,349.6,2020-07-14,453.54,29.73,43.0,2020-02-17,453.54,CLOSED,29.73,300.0,14.0,100.0
-,ITA,2020-01-23,USD,231.24,2020-04-25,234.01,1.2,3.0,2020-02-05,234.01,CLOSED,1.2,23.0,14.0,100.0
-,ITA,2020-01-23,USD,231.24,2021-01-08,253.55,9.65,7.0,2020-07-02,163.59,OPEN,-29.26,-46.0,46.0,-303.0
-,ASX-CQR,2020-01-24,AUD,4.67,2020-11-19,4.97,6.42,5.0,2020-02-10,4.97,CLOSED,6.42,95.0,6.0,100.0
-,ASX-CQR,2020-01-24,AUD,4.67,2020-07-04,4.99,6.85,11.0,2020-02-17,4.99,CLOSED,6.85,72.0,15.0,100.0
-,WMT,2020-01-28,USD,116.6,2021-01-15,129.36,10.94,8.0,2020-04-14,129.36,CLOSED,10.94,36.0,22.0,100.0
-,ASX-NAN,2020-01-28,AUD,6.83,2020-12-18,9.64,41.14,32.0,2020-07-03,6.88,OPEN,0.73,1.0,48.0,2.0
-,DIS,2020-01-28,USD,138.37,2020-08-19,148.61,7.4,9.0,2020-07-02,112.18,OPEN,-18.93,-31.0,76.0,-256.0
-,DIS,2020-01-28,USD,138.37,2020-07-16,147.68,6.73,10.0,2020-07-02,112.18,OPEN,-18.93,-31.0,92.0,-281.0
+,ASX-AGL,2020-01-29,AUD,20.14,2020-07-03,21.37,6.11,10.0,2020-07-03,17.59,CLOSED,-12.66,-20.0,100.0,-207.0
-,ASX-CWN,2020-01-29,AUD,11.55,2020-04-01,12.18,5.45,22.0,2020-04-01,8.0,CLOSED,-30.74,-123.0,100.0,-563.0
-,ASX-CWN,2020-01-29,AUD,11.55,2020-04-11,12.08,4.59,16.0,2020-04-09,8.32,CLOSED,-27.97,-99.0,97.0,-609.0
-,0268.HK,2020-01-29,HKD,8.71,2020-06-09,9.48,8.84,17.0,2020-02-04,9.48,CLOSED,8.84,371.0,5.0,100.0
-,0268.HK,2020-01-29,HKD,8.71,2020-09-12,11.65,33.75,37.0,2020-04-20,11.65,CLOSED,33.75,104.0,36.0,100.0
-,ITA,2020-01-29,USD,232.11,2020-05-30,245.18,5.63,12.0,2020-05-29,164.55,CLOSED,-29.11,-61.0,99.0,-517.0
-,ITA,2020-01-29,USD,232.11,2020-05-21,241.3,3.96,9.0,2020-05-21,153.34,CLOSED,-33.94,-76.0,100.0,-857.0
-,ASX-CWN,2020-01-29,AUD,11.55,2020-07-21,12.53,8.48,12.0,2020-07-03,9.78,OPEN,-15.32,-25.0,90.0,-181.0
-,ASX-CWN,2020-01-29,AUD,11.55,2020-07-24,12.34,6.84,10.0,2020-07-03,9.78,OPEN,-15.32,-25.0,88.0,-224.0
-,ITA,2020-01-29,USD,232.11,2021-01-10,265.51,14.39,10.0,2020-07-02,163.59,OPEN,-29.52,-48.0,45.0,-205.0
-,ASX-CWN,2020-01-30,AUD,11.6,2020-04-12,12.14,4.66,16.0,2020-04-09,8.32,CLOSED,-28.28,-102.0,96.0,-607.0
-,ASX-IVC,2020-01-30,AUD,13.11,2020-12-01,14.77,12.66,10.0,2020-02-27,14.77,CLOSED,12.66,114.0,9.0,100.0
-,ASX-IVC,2020-01-30,AUD,13.11,2020-12-01,14.77,12.66,10.0,2020-02-27,14.77,CLOSED,12.66,114.0,9.0,100.0
-,2588.HK,2020-01-30,HKD,71.4,2020-03-18,77.04,7.9,41.0,2020-03-18,41.2,CLOSED,-42.3,-222.0,100.0,-535.0
-,2588.HK,2020-01-30,HKD,71.4,2020-04-03,78.62,10.11,40.0,2020-04-03,46.8,CLOSED,-34.45,-136.0,100.0,-341.0
-,2588.HK,2020-01-30,HKD,71.4,2020-06-16,85.34,19.52,36.0,2020-06-16,51.3,CLOSED,-28.15,-51.0,100.0,-144.0
-,2588.HK,2020-01-30,HKD,71.4,2020-05-17,73.67,3.18,7.0,2020-02-04,73.67,CLOSED,3.18,160.0,5.0,100.0
-,NFLX,2020-01-30,USD,347.74,2020-06-26,495.11,42.38,72.0,2020-02-17,495.11,CLOSED,42.38,593.0,12.0,100.0
-,NFLX,2020-01-30,USD,347.74,2020-05-05,442.08,27.13,71.0,2020-02-17,442.08,CLOSED,27.13,380.0,19.0,100.0
-,DIS,2020-01-30,USD,137.81,2020-07-18,147.08,6.73,10.0,2020-02-05,147.08,CLOSED,6.73,283.0,4.0,100.0
-,MSFT,2020-01-30,USD,172.78,2020-11-30,184.18,6.6,5.0,2020-02-05,184.18,CLOSED,6.6,277.0,2.0,100.0
-,ASX-CWN,2020-01-30,AUD,11.6,2020-07-25,12.39,6.81,10.0,2020-07-03,9.78,OPEN,-15.69,-26.0,88.0,-230.0
-,2588.HK,2020-01-30,HKD,71.4,2020-07-10,83.65,17.16,27.0,2020-07-03,50.1,OPEN,-29.83,-48.0,96.0,-174.0
-,MMM,2020-01-30,USD,162.51,2020-10-17,184.03,13.24,13.0,2020-07-02,157.04,OPEN,-3.37,-6.0,59.0,-25.0
-,MMM,2020-01-30,USD,162.51,2020-11-27,185.75,14.3,12.0,2020-07-02,157.04,OPEN,-3.37,-6.0,51.0,-24.0
-,ASX-CWN,2020-01-31,AUD,11.7,2020-04-13,12.24,4.62,16.0,2020-04-09,8.32,CLOSED,-28.89,-106.0,95.0,-626.0
-,AMZN,2020-01-31,USD,2008.72,2020-08-08,2650.71,31.96,42.0,2020-06-10,2650.71,CLOSED,31.96,61.0,69.0,100.0
-,AMZN,2020-01-31,USD,2008.72,2020-09-23,2551.88,27.04,29.0,2020-06-09,2551.88,CLOSED,27.04,52.0,55.0,100.0
-,ASX-CWN,2020-01-31,AUD,11.7,2020-07-26,12.5,6.84,10.0,2020-07-03,9.78,OPEN,-16.41,-27.0,87.0,-240.0
-,0175.HK,2020-01-31,HKD,12.54,2020-10-23,18.85,50.32,48.0,2020-07-03,14.16,OPEN,12.92,21.0,58.0,26.0
-,2208.HK,2020-01-31,HKD,8.23,2020-12-26,10.94,32.93,25.0,2020-07-03,6.8,OPEN,-17.38,-28.0,47.0,-53.0
-,0175.HK,2020-01-31,HKD,12.54,2020-11-24,16.86,34.45,29.0,2020-07-03,14.16,OPEN,12.92,21.0,52.0,38.0
-,ASX-VVR,2020-02-03,AUD,2.75,2020-04-27,2.92,6.18,19.0,2020-02-17,2.92,CLOSED,6.18,111.0,17.0,100.0
-,ASX-VVR,2020-02-03,AUD,2.75,2020-08-22,2.9,5.45,7.0,2020-02-17,2.9,CLOSED,5.45,98.0,7.0,100.0
-,ASX-VVR,2020-02-03,AUD,2.75,2020-03-11,2.81,2.18,15.0,2020-02-13,2.81,CLOSED,2.18,55.0,27.0,100.0
-,1299.HK,2020-02-03,HKD,78.5,2020-06-11,86.48,10.17,20.0,2020-06-11,71.35,CLOSED,-9.11,-18.0,100.0,-90.0
-,1299.HK,2020-02-03,HKD,78.5,2020-04-01,82.75,5.41,24.0,2020-04-01,69.7,CLOSED,-11.21,-49.0,100.0,-207.0
-,0386.HK,2020-02-03,HKD,4.07,2020-04-16,4.23,3.93,14.0,2020-02-06,4.23,CLOSED,3.93,330.0,4.0,100.0
-,AMZN,2020-02-03,USD,2004.2,2020-09-15,2548.34,27.15,30.0,2020-06-09,2548.34,CLOSED,27.15,54.0,56.0,100.0
-,AMZN,2020-02-03,USD,2004.2,2020-08-13,2651.76,32.31,42.0,2020-06-10,2651.76,CLOSED,32.31,64.0,67.0,100.0
-,NKE,2020-02-03,USD,99.27,2020-06-11,107.09,7.88,15.0,2020-06-11,95.17,CLOSED,-4.13,-8.0,100.0,-52.0
-,NKE,2020-02-03,USD,99.27,2020-04-17,104.0,4.76,16.0,2020-04-17,89.91,CLOSED,-9.43,-32.0,100.0,-198.0
-,LULU,2020-02-03,USD,246.37,2021-01-09,296.63,20.4,15.0,2020-05-29,296.63,CLOSED,20.4,44.0,34.0,100.0
-,ASX-VVR,2020-02-03,AUD,2.75,2020-09-13,3.23,17.45,20.0,2020-05-15,2.44,OPEN,-11.27,-28.0,46.0,-65.0
-,1299.HK,2020-02-03,HKD,78.5,2020-09-12,94.12,19.9,23.0,2020-07-03,74.95,OPEN,-4.52,-8.0,68.0,-23.0
-,0857.HK,2020-02-03,HKD,3.38,2020-10-30,5.39,59.47,56.0,2020-07-03,2.7,OPEN,-20.12,-34.0,56.0,-34.0
-,0175.HK,2020-02-03,HKD,12.6,2020-10-26,18.94,50.32,48.0,2020-07-03,14.16,OPEN,12.38,21.0,57.0,25.0
-,0175.HK,2020-02-03,HKD,12.6,2020-11-27,16.94,34.44,29.0,2020-07-03,14.16,OPEN,12.38,21.0,51.0,36.0
-,NKE,2020-02-03,USD,99.27,2020-12-21,120.1,20.98,16.0,2020-07-02,98.43,OPEN,-0.85,-1.0,47.0,-4.0
-,LULU,2020-02-03,USD,246.37,2020-10-15,324.81,31.84,31.0,2020-07-02,304.77,OPEN,23.7,40.0,59.0,74.0
-,ASX-CWN,2020-02-04,AUD,11.56,2020-04-17,12.09,4.58,16.0,2020-04-17,8.16,CLOSED,-29.41,-102.0,100.0,-642.0
-,ASX-NAB,2020-02-04,AUD,25.6,2021-01-04,27.4,7.03,5.0,2020-02-19,27.4,CLOSED,7.03,118.0,4.0,100.0
-,1038.HK,2020-02-04,HKD,54.05,2020-06-27,57.33,6.07,11.0,2020-06-26,40.6,CLOSED,-24.88,-44.0,99.0,-410.0
-,1816.HK,2020-02-04,HKD,1.91,2020-04-08,2.01,5.24,21.0,2020-02-11,2.01,CLOSED,5.24,189.0,11.0,100.0
-,1038.HK,2020-02-04,HKD,54.05,2020-04-02,55.81,3.26,14.0,2020-04-02,40.45,CLOSED,-25.16,-109.0,100.0,-773.0
-,0267.HK,2020-02-04,HKD,8.87,2020-03-24,9.57,7.89,41.0,2020-03-24,8.28,CLOSED,-6.65,-34.0,100.0,-84.0
-,0288.HK,2020-02-04,HKD,7.45,2020-06-28,8.05,8.05,14.0,2020-02-07,8.05,CLOSED,8.05,676.0,2.0,100.0
-,0267.HK,2020-02-04,HKD,8.87,2020-05-30,11.13,25.48,55.0,2020-05-29,7.36,CLOSED,-17.02,-37.0,99.0,-67.0
-,MA,2020-02-04,USD,329.12,2020-05-30,379.01,15.16,33.0,2020-05-29,300.89,CLOSED,-8.58,-19.0,99.0,-57.0
-,UPS,2020-02-04,USD,103.38,2020-04-11,106.19,2.72,10.0,2020-02-05,106.19,CLOSED,2.72,685.0,1.0,100.0
-,MA,2020-02-04,USD,329.12,2020-04-21,351.07,6.67,22.0,2020-04-21,245.35,CLOSED,-25.45,-83.0,100.0,-382.0
-,QQQ,2020-02-04,USD,227.47,2020-07-13,239.69,5.37,8.0,2020-06-05,239.69,CLOSED,5.37,11.0,76.0,100.0
-,QQQ,2020-02-04,USD,227.47,2020-05-14,231.18,1.63,4.0,2020-02-10,231.18,CLOSED,1.63,68.0,6.0,100.0
-,UPS,2020-02-04,USD,103.38,2020-08-10,109.66,6.07,8.0,2020-06-08,109.66,CLOSED,6.07,12.0,66.0,100.0
-,UPS,2020-02-04,USD,103.38,2020-04-06,107.01,3.51,14.0,2020-02-06,107.01,CLOSED,3.51,442.0,3.0,100.0
-,ASX-CWN,2020-02-04,AUD,11.56,2020-07-30,12.35,6.83,10.0,2020-07-03,9.78,OPEN,-15.4,-26.0,85.0,-225.0
-,0288.HK,2020-02-04,HKD,7.45,2020-07-04,9.08,21.88,37.0,2020-07-03,6.94,OPEN,-6.85,-12.0,99.0,-31.0
-,0288.HK,2020-02-04,HKD,7.45,2020-08-14,11.31,51.81,68.0,2020-07-03,6.94,OPEN,-6.85,-12.0,78.0,-13.0
-,2208.HK,2020-02-04,HKD,8.31,2021-01-11,11.08,33.33,25.0,2020-07-03,6.8,OPEN,-18.17,-31.0,44.0,-55.0
-,1038.HK,2020-02-04,HKD,54.05,2021-01-19,66.87,23.72,17.0,2020-07-03,40.45,OPEN,-25.16,-42.0,43.0,-106.0
-,2388.HK,2020-02-04,HKD,26.0,2021-02-02,33.46,28.69,20.0,2020-07-03,23.95,OPEN,-7.88,-13.0,41.0,-27.0
-,2800.HK,2020-02-04,HKD,26.85,2020-12-07,31.8,18.44,15.0,2020-07-03,25.92,OPEN,-3.46,-6.0,49.0,-19.0
-,0175.HK,2020-02-04,HKD,12.76,2020-10-27,19.18,50.31,48.0,2020-07-03,14.16,OPEN,10.97,18.0,56.0,22.0
-,2208.HK,2020-02-04,HKD,8.31,2020-12-30,11.05,32.97,25.0,2020-07-03,6.8,OPEN,-18.17,-31.0,45.0,-55.0
-,0175.HK,2020-02-04,HKD,12.76,2020-11-28,17.16,34.48,29.0,2020-07-03,14.16,OPEN,10.97,18.0,50.0,32.0
-,2800.HK,2020-02-04,HKD,26.85,2020-07-13,28.79,7.23,11.0,2020-07-03,25.92,OPEN,-3.46,-6.0,94.0,-48.0
-,MA,2020-02-04,USD,329.12,2020-11-19,428.09,30.07,26.0,2020-07-02,302.42,OPEN,-8.11,-14.0,52.0,-27.0
-,MMM,2020-02-04,USD,157.24,2020-10-22,178.06,13.24,13.0,2020-07-02,157.04,OPEN,-0.13,-0.0,57.0,-1.0
-,MMM,2020-02-04,USD,157.24,2020-12-02,179.73,14.3,12.0,2020-07-02,157.04,OPEN,-0.13,-0.0,49.0,-1.0
-,ASX-VVR,2020-02-05,AUD,2.77,2020-03-24,2.91,5.05,27.0,2020-02-17,2.91,CLOSED,5.05,106.0,25.0,100.0
-,ASX-VVR,2020-02-05,AUD,2.77,2020-02-27,2.85,2.89,33.0,2020-02-17,2.85,CLOSED,2.89,61.0,55.0,100.0
-,ASX-ORG,2020-02-05,AUD,7.8,2020-04-07,8.42,7.95,32.0,2020-04-07,4.88,CLOSED,-37.44,-152.0,100.0,-471.0
-,ASX-ORG,2020-02-05,AUD,7.8,2020-04-12,8.25,5.77,22.0,2020-04-09,5.1,CLOSED,-34.62,-136.0,96.0,-600.0
-,2768.HK,2020-02-05,HKD,2.87,2020-04-12,3.53,23.0,87.0,2020-04-09,3.19,CLOSED,11.15,44.0,96.0,48.0
-,2768.HK,2020-02-05,HKD,2.87,2020-02-26,3.55,23.69,284.0,2020-02-26,3.05,CLOSED,6.27,75.0,100.0,26.0
-,2768.HK,2020-02-05,HKD,2.87,2020-02-14,3.09,7.67,215.0,2020-02-13,3.09,CLOSED,7.67,242.0,89.0,100.0
-,2588.HK,2020-02-05,HKD,74.2,2020-04-02,80.17,8.05,36.0,2020-04-02,45.95,CLOSED,-38.07,-168.0,100.0,-473.0
-,1816.HK,2020-02-05,HKD,1.94,2020-04-09,2.04,5.15,20.0,2020-04-09,1.84,CLOSED,-5.15,-20.0,100.0,-100.0
-,0288.HK,2020-02-05,HKD,7.66,2020-06-29,8.27,7.96,14.0,2020-02-12,8.27,CLOSED,7.96,287.0,5.0,100.0
-,UPS,2020-02-05,USD,106.04,2020-04-12,108.92,2.72,10.0,2020-04-09,98.69,CLOSED,-6.93,-27.0,96.0,-255.0
-,IXN,2020-02-05,USD,226.47,2020-06-26,240.99,6.41,11.0,2020-06-26,229.32,CLOSED,1.26,2.0,100.0,20.0
-,ITA,2020-02-05,USD,234.89,2020-06-27,247.01,5.16,9.0,2020-06-26,158.2,CLOSED,-32.65,-58.0,99.0,-633.0
-,AMZN,2020-02-05,USD,2039.87,2020-04-19,2356.05,15.5,53.0,2020-04-16,2356.05,CLOSED,15.5,55.0,96.0,100.0
-,ITA,2020-02-05,USD,234.89,2020-06-11,242.59,3.28,7.0,2020-06-11,165.81,CLOSED,-29.41,-58.0,100.0,-897.0
-,IXN,2020-02-05,USD,226.47,2020-04-28,233.69,3.19,10.0,2020-04-28,199.9,CLOSED,-11.73,-36.0,100.0,-368.0
-,UPS,2020-02-05,USD,106.04,2020-08-11,112.48,6.07,8.0,2020-07-01,112.48,CLOSED,6.07,10.0,78.0,100.0
-,UPS,2020-02-05,USD,106.04,2020-04-07,109.76,3.51,14.0,2020-04-07,92.91,CLOSED,-12.38,-50.0,100.0,-353.0
-,ASX-VVR,2020-02-05,AUD,2.77,2020-07-20,3.07,10.83,16.0,2020-05-15,2.44,OPEN,-11.91,-30.0,60.0,-110.0
-,ASX-VVR,2020-02-05,AUD,2.77,2020-10-18,2.93,5.78,6.0,2020-05-15,2.44,OPEN,-11.91,-30.0,39.0,-206.0
-,ASX-ASX,2020-02-05,AUD,85.74,2020-12-31,91.75,7.01,5.0,2020-07-03,87.59,OPEN,2.16,4.0,45.0,31.0
-,2588.HK,2020-02-05,HKD,74.2,2020-07-04,87.29,17.64,30.0,2020-07-03,50.1,OPEN,-32.48,-55.0,99.0,-184.0
-,2588.HK,2020-02-05,HKD,74.2,2020-07-07,84.83,14.33,24.0,2020-07-03,50.1,OPEN,-32.48,-55.0,97.0,-227.0
-,0288.HK,2020-02-05,HKD,7.66,2020-07-05,9.34,21.93,37.0,2020-07-03,6.94,OPEN,-9.4,-16.0,99.0,-43.0
-,0288.HK,2020-02-05,HKD,7.66,2020-08-15,11.63,51.83,68.0,2020-07-03,6.94,OPEN,-9.4,-16.0,78.0,-18.0
-,0435.HK,2020-02-05,HKD,4.93,2020-10-01,5.62,14.0,15.0,2020-07-03,4.03,OPEN,-18.26,-31.0,62.0,-130.0
-,1310.HK,2020-02-05,HKD,13.74,2020-09-08,15.61,13.61,16.0,2020-07-03,13.64,OPEN,-0.73,-1.0,69.0,-5.0
-,0435.HK,2020-02-05,HKD,4.93,2020-11-15,5.69,15.42,14.0,2020-07-03,4.03,OPEN,-18.26,-31.0,52.0,-118.0
-,0175.HK,2020-02-05,HKD,13.06,2020-10-28,19.63,50.31,48.0,2020-07-03,14.16,OPEN,8.42,14.0,56.0,17.0
-,0175.HK,2020-02-05,HKD,13.06,2020-11-29,17.56,34.46,29.0,2020-07-03,14.16,OPEN,8.42,14.0,50.0,24.0
-,ITA,2020-02-05,USD,234.89,2021-01-26,270.31,15.08,11.0,2020-07-02,163.59,OPEN,-30.35,-52.0,42.0,-201.0
-,MMM,2020-02-05,USD,162.33,2020-10-23,183.82,13.24,13.0,2020-07-02,157.04,OPEN,-3.26,-6.0,57.0,-25.0
-,MMM,2020-02-05,USD,162.33,2020-12-03,185.54,14.3,12.0,2020-07-02,157.04,OPEN,-3.26,-6.0,49.0,-23.0
-,ASX-AGL,2020-02-06,AUD,19.66,2020-07-11,20.86,6.1,10.0,2020-02-17,20.86,CLOSED,6.1,140.0,7.0,100.0
-,ASX-ORG,2020-02-06,AUD,7.9,2020-04-08,8.52,7.85,32.0,2020-04-08,4.86,CLOSED,-38.48,-156.0,100.0,-490.0
-,ASX-ORG,2020-02-06,AUD,7.9,2020-04-13,8.36,5.82,22.0,2020-04-09,5.1,CLOSED,-35.44,-142.0,94.0,-609.0
-,ITA,2020-02-06,USD,237.63,2020-06-06,250.94,5.6,12.0,2020-06-05,186.87,CLOSED,-21.36,-45.0,99.0,-381.0
-,ITA,2020-02-06,USD,237.63,2020-05-29,247.04,3.96,9.0,2020-05-29,164.55,CLOSED,-30.75,-69.0,100.0,-777.0
-,GOOG,2020-02-06,USD,1476.23,2020-04-19,1535.87,4.04,14.0,2020-04-17,1283.25,CLOSED,-13.07,-46.0,97.0,-324.0
-,ASX-NAN,2020-02-06,AUD,7.15,2021-01-06,9.87,38.04,29.0,2020-07-03,6.88,OPEN,-3.78,-6.0,44.0,-10.0
-,ASX-NAN,2020-02-06,AUD,7.15,2020-11-16,8.68,21.4,19.0,2020-07-03,6.88,OPEN,-3.78,-6.0,52.0,-18.0
-,1310.HK,2020-02-06,HKD,13.84,2020-09-16,15.09,9.03,10.0,2020-07-03,13.64,OPEN,-1.45,-2.0,66.0,-16.0
-,0823.HK,2020-02-06,HKD,80.35,2020-10-11,95.56,18.93,19.0,2020-07-03,64.8,OPEN,-19.35,-33.0,60.0,-102.0
-,0066.HK,2020-02-06,HKD,44.5,2021-01-14,54.31,22.04,16.0,2020-07-03,41.55,OPEN,-6.63,-11.0,43.0,-30.0
-,2388.HK,2020-02-06,HKD,26.5,2021-02-04,34.11,28.72,20.0,2020-07-03,23.95,OPEN,-9.62,-16.0,41.0,-34.0
-,0823.HK,2020-02-06,HKD,80.35,2020-11-21,97.37,21.18,18.0,2020-07-03,64.8,OPEN,-19.35,-33.0,51.0,-91.0
-,0006.HK,2020-02-06,HKD,56.95,2021-01-27,62.04,8.94,6.0,2020-07-03,43.65,OPEN,-23.35,-40.0,42.0,-261.0
-,0006.HK,2020-02-06,HKD,56.95,2020-07-12,59.56,4.58,7.0,2020-07-03,43.65,OPEN,-23.35,-40.0,94.0,-510.0
-,GOOG,2020-02-06,USD,1476.23,2020-09-23,1690.43,14.51,16.0,2020-07-02,1464.7,OPEN,-0.78,-1.0,64.0,-5.0
-,GOOG,2020-02-06,USD,1476.23,2020-09-08,1706.23,15.58,18.0,2020-07-02,1464.7,OPEN,-0.78,-1.0,68.0,-5.0
-,ITA,2020-02-06,USD,237.63,2021-01-18,271.82,14.39,10.0,2020-07-02,163.59,OPEN,-31.16,-53.0,42.0,-217.0
-,ASX-REA,2020-02-07,AUD,116.9,2020-05-11,129.77,11.01,30.0,2020-05-11,93.46,CLOSED,-20.05,-54.0,100.0,-182.0
-,0388.HK,2020-02-07,HKD,270.6,2020-12-02,328.75,21.49,18.0,2020-06-30,328.75,CLOSED,21.49,38.0,48.0,100.0
-,0388.HK,2020-02-07,HKD,270.6,2020-08-15,310.65,14.8,20.0,2020-06-22,310.65,CLOSED,14.8,27.0,72.0,100.0
-,ASX-REA,2020-02-07,AUD,116.9,2020-08-19,153.45,31.27,41.0,2020-07-03,110.71,OPEN,-5.3,-9.0,76.0,-17.0
-,ASX-REA,2020-02-07,AUD,116.9,2020-08-17,144.09,23.26,31.0,2020-07-03,110.71,OPEN,-5.3,-9.0,77.0,-23.0
-,ASX-ANZ,2020-02-07,AUD,26.03,2020-11-09,27.51,5.69,5.0,2020-07-03,19.19,OPEN,-26.28,-45.0,53.0,-462.0
-,2638.HK,2020-02-07,HKD,7.86,2020-10-06,8.71,10.81,11.0,2020-07-03,7.97,OPEN,1.4,2.0,61.0,13.0
-,2638.HK,2020-02-07,HKD,7.86,2020-08-08,8.36,6.36,9.0,2020-07-03,7.97,OPEN,1.4,2.0,80.0,22.0
-,0753.HK,2020-02-07,HKD,6.97,2021-01-30,9.24,32.57,23.0,2020-07-03,4.82,OPEN,-30.85,-53.0,41.0,-95.0
-,V,2020-02-10,USD,205.99,2020-12-25,274.44,33.23,26.0,2020-07-02,195.67,OPEN,-5.01,-9.0,45.0,-15.0
-,ASX-A2M,2020-02-11,AUD,14.89,2020-08-01,22.17,48.89,72.0,2020-07-03,19.83,OPEN,33.18,58.0,83.0,68.0
-,ASX-NSR,2020-02-12,AUD,2.17,2020-09-28,2.43,11.98,13.0,2020-02-21,2.43,CLOSED,11.98,335.0,4.0,100.0
-,ASX-NSR,2020-02-12,AUD,2.17,2021-01-20,2.3,5.99,4.0,2020-02-17,2.3,CLOSED,5.99,302.0,1.0,100.0
-,ASX-AGL,2020-02-12,AUD,19.52,2020-07-16,20.71,6.1,10.0,2020-02-14,20.71,CLOSED,6.1,769.0,1.0,100.0
-,ASX-ORG,2020-02-12,AUD,7.69,2020-04-13,8.3,7.93,33.0,2020-04-09,5.1,CLOSED,-33.68,-149.0,93.0,-425.0
-,ASX-NSR,2020-02-12,AUD,2.17,2020-06-07,2.28,5.07,11.0,2020-02-13,2.28,CLOSED,5.07,1278.0,1.0,100.0
-,ASX-ORG,2020-02-12,AUD,7.69,2020-04-18,8.13,5.72,22.0,2020-02-20,8.13,CLOSED,5.72,180.0,12.0,100.0
-,2588.HK,2020-02-12,HKD,75.15,2020-04-05,80.53,7.16,34.0,2020-04-03,46.8,CLOSED,-37.72,-186.0,96.0,-527.0
-,DLR,2020-02-12,USD,127.05,2020-09-13,141.2,11.14,13.0,2020-03-13,141.2,CLOSED,11.14,94.0,14.0,100.0
-,ASX-VCX,2020-02-12,AUD,2.53,2020-08-20,2.81,11.07,15.0,2020-07-03,1.45,OPEN,-42.69,-76.0,75.0,-386.0
-,ASX-WBC,2020-02-12,AUD,25.25,2020-12-28,27.72,9.78,8.0,2020-07-03,18.54,OPEN,-26.57,-47.0,44.0,-272.0
-,ASX-WBC,2020-02-12,AUD,25.25,2020-11-10,27.61,9.35,9.0,2020-07-03,18.54,OPEN,-26.57,-47.0,52.0,-284.0
-,ASX-CBA,2020-02-12,AUD,88.18,2020-09-20,93.76,6.33,7.0,2020-07-03,71.57,OPEN,-18.84,-33.0,64.0,-298.0
-,2588.HK,2020-02-12,HKD,75.15,2020-07-24,88.1,17.23,27.0,2020-07-03,50.1,OPEN,-33.33,-59.0,87.0,-193.0
-,2588.HK,2020-02-12,HKD,75.15,2020-07-27,86.43,15.01,23.0,2020-07-03,50.1,OPEN,-33.33,-59.0,86.0,-222.0
-,ASX-VVR,2020-02-13,AUD,2.78,2020-05-06,2.95,6.12,19.0,2020-05-06,2.35,CLOSED,-15.47,-47.0,100.0,-253.0
-,ASX-ORG,2020-02-13,AUD,7.86,2020-04-19,8.31,5.73,22.0,2020-04-17,5.17,CLOSED,-34.22,-135.0,97.0,-598.0
-,ASX-VVR,2020-02-13,AUD,2.78,2020-03-20,2.84,2.16,15.0,2020-02-17,2.84,CLOSED,2.16,136.0,11.0,100.0
-,MCD,2020-02-13,USD,217.42,2020-05-13,226.64,4.24,12.0,2020-05-13,172.82,CLOSED,-20.51,-57.0,100.0,-484.0
-,ASX-VVR,2020-02-13,AUD,2.78,2020-09-22,3.27,17.63,20.0,2020-05-15,2.44,OPEN,-12.23,-33.0,41.0,-69.0
-,ASX-VVR,2020-02-13,AUD,2.78,2020-08-31,2.93,5.4,7.0,2020-05-15,2.44,OPEN,-12.23,-33.0,46.0,-227.0
-,MCD,2020-02-13,USD,217.42,2020-11-24,244.01,12.23,11.0,2020-07-02,183.52,OPEN,-15.59,-28.0,49.0,-127.0
-,MCD,2020-02-13,USD,217.42,2020-12-26,236.97,8.99,7.0,2020-07-02,183.52,OPEN,-15.59,-28.0,44.0,-173.0
-,ASX-VVR,2020-02-14,AUD,2.83,2020-03-23,2.92,3.18,21.0,2020-02-17,2.92,CLOSED,3.18,267.0,8.0,100.0
-,ASX-VVR,2020-02-14,AUD,2.83,2020-04-09,2.97,4.95,23.0,2020-04-09,2.45,CLOSED,-13.43,-62.0,100.0,-271.0
-,V,2020-02-14,USD,210.29,2020-04-24,229.09,8.94,32.0,2020-04-24,167.32,CLOSED,-20.43,-74.0,100.0,-229.0
-,WMT,2020-02-14,USD,117.89,2021-01-01,130.22,10.46,8.0,2020-04-16,130.22,CLOSED,10.46,43.0,19.0,100.0
-,V,2020-02-14,USD,210.29,2020-04-22,226.59,7.75,29.0,2020-04-22,166.59,CLOSED,-20.78,-77.0,100.0,-268.0
-,ASX-VVR,2020-02-14,AUD,2.83,2020-08-03,3.26,15.19,22.0,2020-05-15,2.44,OPEN,-13.78,-38.0,53.0,-91.0
-,ASX-VVR,2020-02-14,AUD,2.83,2020-07-22,2.98,5.3,8.0,2020-05-15,2.44,OPEN,-13.78,-38.0,57.0,-260.0
-,ASX-AGL,2020-02-14,AUD,20.68,2021-01-05,22.14,7.06,5.0,2020-07-03,17.59,OPEN,-14.94,-27.0,43.0,-212.0
-,2800.HK,2020-02-14,HKD,28.0,2020-12-30,31.21,11.46,9.0,2020-07-03,25.92,OPEN,-7.43,-13.0,44.0,-65.0
-,2800.HK,2020-02-14,HKD,28.0,2020-07-07,30.44,8.71,15.0,2020-07-03,25.92,OPEN,-7.43,-13.0,97.0,-85.0
-,V,2020-02-14,USD,210.29,2020-12-25,282.73,34.45,28.0,2020-07-02,195.67,OPEN,-6.95,-13.0,44.0,-20.0
-,2768.HK,2020-02-17,HKD,3.1,2020-03-08,3.37,8.71,110.0,2020-03-06,3.25,CLOSED,4.84,68.0,90.0,56.0
-,2768.HK,2020-02-17,HKD,3.1,2020-03-20,3.69,19.03,150.0,2020-03-20,2.92,CLOSED,-5.81,-46.0,100.0,-31.0
-,ASX-WBC,2020-02-17,AUD,25.62,2020-11-30,28.12,9.76,9.0,2020-07-03,18.54,OPEN,-27.63,-51.0,48.0,-283.0
-,ASX-WBC,2020-02-17,AUD,25.62,2020-12-26,28.2,10.07,8.0,2020-07-03,18.54,OPEN,-27.63,-51.0,44.0,-274.0
-,ASX-ABP,2020-02-17,AUD,3.93,2021-01-13,4.16,5.85,4.0,2020-07-03,2.74,OPEN,-30.28,-56.0,41.0,-517.0
-,STW,2020-02-17,USD,65.86,2020-07-11,67.34,2.25,4.0,2020-07-03,56.12,OPEN,-14.79,-27.0,94.0,-658.0
-,STW,2020-02-17,USD,65.86,2020-08-05,67.58,2.61,4.0,2020-07-03,56.12,OPEN,-14.79,-27.0,81.0,-566.0
-,ASX-A2M,2020-02-18,AUD,15.75,2020-05-11,20.01,27.05,82.0,2020-05-11,18.0,CLOSED,14.29,43.0,100.0,53.0
-,ASX-A2M,2020-02-18,AUD,15.75,2020-03-20,17.32,9.97,81.0,2020-03-20,16.17,CLOSED,2.67,22.0,100.0,27.0
-,3808.HK,2020-02-18,HKD,15.9,2020-07-14,18.84,18.49,32.0,2020-05-11,18.84,CLOSED,18.49,56.0,56.0,100.0
-,DLR,2020-02-18,USD,133.2,2020-08-07,145.45,9.2,14.0,2020-04-08,145.45,CLOSED,9.2,46.0,29.0,100.0
-,DLR,2020-02-18,USD,133.2,2020-10-21,146.83,10.23,10.0,2020-04-08,146.83,CLOSED,10.23,52.0,20.0,100.0
-,ASX-A2M,2020-02-18,AUD,15.75,2020-07-31,24.14,53.27,82.0,2020-07-03,19.83,OPEN,25.9,48.0,83.0,49.0
-,ASX-A2M,2020-02-18,AUD,15.75,2020-11-19,34.37,118.22,108.0,2020-07-03,19.83,OPEN,25.9,48.0,49.0,22.0
-,2638.HK,2020-02-18,HKD,7.88,2020-10-16,8.74,10.91,11.0,2020-07-03,7.97,OPEN,1.14,2.0,56.0,10.0
-,2638.HK,2020-02-18,HKD,7.88,2020-08-18,8.38,6.35,9.0,2020-07-03,7.97,OPEN,1.14,2.0,75.0,18.0
-,3988.HK,2020-02-18,HKD,3.2,2020-10-27,3.55,10.94,11.0,2020-07-03,3.02,OPEN,-5.63,-10.0,54.0,-51.0
-,NKE,2020-02-18,USD,102.0,2020-09-21,113.68,11.45,13.0,2020-07-02,98.43,OPEN,-3.5,-7.0,62.0,-31.0
-,HAL,2020-02-18,USD,21.86,2020-11-19,26.08,19.3,18.0,2020-07-02,12.57,OPEN,-42.5,-79.0,49.0,-220.0
-,ASX-IVC,2020-02-19,AUD,13.06,2020-12-20,14.71,12.63,10.0,2020-02-26,14.71,CLOSED,12.63,455.0,2.0,100.0
-,ASX-IVC,2020-02-19,AUD,13.06,2020-12-20,14.71,12.63,10.0,2020-02-26,14.71,CLOSED,12.63,455.0,2.0,100.0
-,2588.HK,2020-02-19,HKD,76.1,2020-04-15,82.23,8.06,36.0,2020-04-15,49.95,CLOSED,-34.36,-155.0,100.0,-427.0
-,ASX-AGL,2020-02-19,AUD,21.06,2020-11-17,22.44,6.55,6.0,2020-07-03,17.59,OPEN,-16.48,-31.0,50.0,-251.0
-,2588.HK,2020-02-19,HKD,76.1,2020-07-17,89.52,17.63,30.0,2020-07-03,50.1,OPEN,-34.17,-64.0,91.0,-194.0
-,2588.HK,2020-02-19,HKD,76.1,2020-07-20,87.0,14.32,24.0,2020-07-03,50.1,OPEN,-34.17,-64.0,89.0,-239.0
-,0435.HK,2020-02-19,HKD,4.96,2020-08-07,5.44,9.68,14.0,2020-07-03,4.03,OPEN,-18.75,-35.0,79.0,-194.0
-,0435.HK,2020-02-19,HKD,4.96,2020-10-03,5.48,10.48,12.0,2020-07-03,4.03,OPEN,-18.75,-35.0,59.0,-179.0
-,MCD,2020-02-20,USD,215.08,2020-05-03,225.66,4.92,17.0,2020-05-01,182.66,CLOSED,-15.07,-53.0,97.0,-306.0
-,ASX-VCX,2020-02-20,AUD,2.38,2020-12-11,2.81,18.07,15.0,2020-07-03,1.45,OPEN,-39.08,-73.0,45.0,-216.0
-,ASX-VCX,2020-02-20,AUD,2.38,2020-12-11,2.68,12.61,11.0,2020-07-03,1.45,OPEN,-39.08,-73.0,45.0,-310.0
-,0435.HK,2020-02-20,HKD,4.98,2020-08-08,5.46,9.64,14.0,2020-07-03,4.03,OPEN,-19.08,-36.0,79.0,-198.0
-,0435.HK,2020-02-20,HKD,4.98,2020-10-04,5.5,10.44,12.0,2020-07-03,4.03,OPEN,-19.08,-36.0,59.0,-183.0
-,0753.HK,2020-02-20,HKD,6.98,2021-02-11,9.25,32.52,23.0,2020-07-03,4.82,OPEN,-30.95,-58.0,38.0,-95.0
-,3898.HK,2020-02-20,HKD,31.0,2020-11-29,41.29,33.19,30.0,2020-07-03,20.75,OPEN,-33.06,-62.0,47.0,-100.0
-,MCD,2020-02-20,USD,215.08,2020-12-19,245.84,14.3,12.0,2020-07-02,183.52,OPEN,-14.67,-28.0,44.0,-103.0
-,MCD,2020-02-20,USD,215.08,2020-10-17,229.88,6.88,7.0,2020-07-02,183.52,OPEN,-14.67,-28.0,55.0,-213.0
-,1211.HK,2020-02-24,HKD,50.1,2020-06-24,51.43,2.65,6.0,2020-02-25,51.43,CLOSED,2.65,668.0,1.0,100.0
-,0002.HK,2020-02-25,HKD,82.25,2020-11-28,96.32,17.11,16.0,2020-07-03,77.7,OPEN,-5.53,-11.0,47.0,-32.0
-,0857.HK,2020-02-25,HKD,3.19,2020-11-20,5.09,59.56,56.0,2020-07-03,2.7,OPEN,-15.36,-30.0,48.0,-26.0
-,0002.HK,2020-02-25,HKD,82.25,2020-07-21,86.95,5.71,10.0,2020-07-03,77.7,OPEN,-5.53,-11.0,88.0,-97.0
-,ASX-IVC,2020-02-26,AUD,14.48,2020-09-25,15.75,8.77,10.0,2020-02-27,15.75,CLOSED,8.77,2210.0,0.0,100.0
-,ASX-IVC,2020-02-26,AUD,14.48,2020-09-25,15.75,8.77,10.0,2020-02-27,15.75,CLOSED,8.77,2210.0,0.0,100.0
-,AAPL,2020-02-26,USD,292.65,2020-12-11,369.32,26.2,23.0,2020-06-23,369.32,CLOSED,26.2,56.0,41.0,100.0
-,IXN,2020-02-26,USD,210.15,2020-11-13,236.1,12.35,12.0,2020-06-10,236.1,CLOSED,12.35,30.0,40.0,100.0
-,GOOG,2020-02-26,USD,1393.18,2020-05-30,1533.06,10.04,27.0,2020-05-29,1428.92,CLOSED,2.57,7.0,99.0,26.0
-,MMM,2020-02-26,USD,148.96,2020-11-12,168.68,13.24,13.0,2020-06-08,168.68,CLOSED,13.24,32.0,40.0,100.0
-,AAPL,2020-02-26,USD,292.65,2020-11-20,366.81,25.34,24.0,2020-06-23,366.81,CLOSED,25.34,54.0,44.0,100.0
-,LMT,2020-02-26,USD,400.9,2020-04-24,424.71,5.94,26.0,2020-04-24,381.77,CLOSED,-4.77,-21.0,100.0,-80.0
-,LMT,2020-02-26,USD,400.9,2020-04-22,418.82,4.47,20.0,2020-04-22,380.4,CLOSED,-5.11,-23.0,100.0,-114.0
-,LMT,2020-02-26,USD,400.9,2020-04-19,413.41,3.12,15.0,2020-04-17,401.51,CLOSED,0.15,1.0,96.0,5.0
-,QQQ,2020-02-26,USD,216.48,2021-01-07,235.49,8.78,7.0,2020-06-02,235.49,CLOSED,8.78,23.0,31.0,100.0
-,MSFT,2020-02-26,USD,170.17,2020-07-20,181.96,6.93,12.0,2020-05-05,181.96,CLOSED,6.93,25.0,48.0,100.0
-,0066.HK,2020-02-26,HKD,43.8,2021-02-02,53.45,22.03,16.0,2020-07-03,41.55,OPEN,-5.14,-10.0,37.0,-23.0
-,GOOG,2020-02-26,USD,1393.18,2020-12-24,1721.41,23.56,20.0,2020-07-02,1464.7,OPEN,5.13,10.0,42.0,22.0
-,LMT,2020-02-26,USD,400.9,2020-12-05,448.45,11.86,11.0,2020-07-02,362.0,OPEN,-9.7,-19.0,45.0,-82.0
-,LMT,2020-02-26,USD,400.9,2021-02-21,462.32,15.32,11.0,2020-07-02,362.0,OPEN,-9.7,-19.0,35.0,-63.0
-,GOOG,2020-02-26,USD,1393.18,2020-12-05,1680.04,20.59,18.0,2020-07-02,1464.7,OPEN,5.13,10.0,45.0,25.0
-,LMT,2020-02-26,USD,400.9,2020-07-10,429.36,7.1,13.0,2020-07-02,362.0,OPEN,-9.7,-19.0,94.0,-137.0
-,LMT,2020-02-26,USD,400.9,2020-07-21,433.25,8.07,14.0,2020-07-02,362.0,OPEN,-9.7,-19.0,87.0,-120.0
-,MMM,2020-02-26,USD,148.96,2020-12-23,170.26,14.3,12.0,2020-07-02,157.04,OPEN,5.42,11.0,42.0,38.0
-,ASX-NAN,2020-02-27,AUD,6.8,2020-05-09,7.38,8.53,30.0,2020-05-08,6.88,CLOSED,1.18,4.0,99.0,14.0
-,2588.HK,2020-02-27,HKD,71.1,2020-04-14,76.72,7.9,42.0,2020-04-14,49.85,CLOSED,-29.89,-160.0,100.0,-378.0
-,2588.HK,2020-02-27,HKD,71.1,2020-04-30,78.29,10.11,40.0,2020-04-29,52.45,CLOSED,-26.23,-107.0,98.0,-259.0
-,1816.HK,2020-02-27,HKD,1.93,2020-04-30,2.03,5.18,21.0,2020-04-29,1.94,CLOSED,0.52,2.0,98.0,10.0
-,ASX-VCX,2020-02-27,AUD,2.28,2020-12-18,2.69,17.98,15.0,2020-07-03,1.45,OPEN,-36.4,-72.0,43.0,-202.0
-,ASX-VCX,2020-02-27,AUD,2.28,2020-12-18,2.57,12.72,11.0,2020-07-03,1.45,OPEN,-36.4,-72.0,43.0,-286.0
-,ASX-IVC,2020-02-27,AUD,14.92,2020-09-26,16.15,8.24,10.0,2020-07-03,10.67,OPEN,-28.49,-57.0,60.0,-346.0
-,ASX-IVC,2020-02-27,AUD,14.92,2020-09-26,16.15,8.24,10.0,2020-07-03,10.67,OPEN,-28.49,-57.0,60.0,-346.0
-,ASX-NAN,2020-02-27,AUD,6.8,2021-01-22,8.34,22.65,17.0,2020-07-03,6.88,OPEN,1.18,2.0,38.0,5.0
-,ASX-NAN,2020-02-27,AUD,6.8,2020-08-31,7.49,10.15,14.0,2020-07-03,6.88,OPEN,1.18,2.0,68.0,12.0
-,2588.HK,2020-02-27,HKD,71.1,2020-07-13,84.98,19.52,36.0,2020-07-03,50.1,OPEN,-29.54,-59.0,93.0,-151.0
-,2588.HK,2020-02-27,HKD,71.1,2020-08-06,83.29,17.14,27.0,2020-07-03,50.1,OPEN,-29.54,-59.0,79.0,-172.0
-,MMM,2020-02-27,USD,150.16,2020-11-13,170.04,13.24,13.0,2020-07-02,157.04,OPEN,4.58,9.0,48.0,35.0
-,MMM,2020-02-27,USD,150.16,2020-12-24,171.63,14.3,12.0,2020-07-02,157.04,OPEN,4.58,9.0,42.0,32.0
-,2768.HK,2020-02-28,HKD,3.08,2020-04-16,3.82,24.03,126.0,2020-04-16,3.1,CLOSED,0.65,3.0,100.0,3.0
-,2638.HK,2020-02-28,HKD,7.84,2020-09-17,8.17,4.21,5.0,2020-06-19,8.17,CLOSED,4.21,9.0,55.0,100.0
-,V,2020-02-28,USD,181.76,2020-06-17,202.43,11.37,26.0,2020-06-17,193.56,CLOSED,6.49,15.0,100.0,57.0
-,IXN,2020-02-28,USD,201.01,2020-12-09,225.73,12.3,11.0,2020-06-03,225.73,CLOSED,12.3,32.0,34.0,100.0
-,IXN,2020-02-28,USD,201.01,2020-11-15,225.83,12.35,12.0,2020-06-03,225.83,CLOSED,12.35,32.0,37.0,100.0
-,NKE,2020-02-28,USD,89.38,2020-07-02,98.02,9.67,19.0,2020-05-27,98.02,CLOSED,9.67,27.0,71.0,100.0
-,V,2020-02-28,USD,181.76,2020-07-21,194.77,7.16,13.0,2020-05-20,194.77,CLOSED,7.16,22.0,57.0,100.0
-,UPS,2020-02-28,USD,90.49,2020-05-04,92.95,2.72,10.0,2020-03-02,92.95,CLOSED,2.72,228.0,5.0,100.0
-,GOOG,2020-02-28,USD,1339.33,2020-06-01,1473.8,10.04,27.0,2020-06-01,1431.82,CLOSED,6.91,19.0,100.0,69.0
-,V,2020-02-28,USD,181.76,2020-05-06,191.32,5.26,19.0,2020-03-02,191.32,CLOSED,5.26,442.0,4.0,100.0
-,NKE,2020-02-28,USD,89.38,2020-07-05,96.42,7.88,16.0,2020-05-26,96.42,CLOSED,7.88,23.0,69.0,100.0
-,QQQ,2020-02-28,USD,205.8,2021-02-17,221.79,7.77,6.0,2020-05-07,221.79,CLOSED,7.77,28.0,19.0,100.0
-,GOOG,2020-02-28,USD,1339.33,2020-06-12,1460.14,9.02,22.0,2020-06-09,1460.14,CLOSED,9.02,22.0,97.0,100.0
-,NKE,2020-02-28,USD,89.38,2020-05-13,94.1,5.28,18.0,2020-03-03,94.1,CLOSED,5.28,333.0,5.0,100.0
-,MA,2020-02-28,USD,290.25,2020-05-03,299.31,3.12,12.0,2020-03-02,299.31,CLOSED,3.12,262.0,5.0,100.0
-,NKE,2020-02-28,USD,89.38,2020-05-11,93.63,4.75,16.0,2020-03-03,93.63,CLOSED,4.75,299.0,5.0,100.0
-,QQQ,2020-02-28,USD,205.8,2021-01-09,223.87,8.78,7.0,2020-05-08,223.87,CLOSED,8.78,32.0,22.0,100.0
-,MSFT,2020-02-28,USD,162.01,2020-07-22,173.24,6.93,12.0,2020-03-03,173.24,CLOSED,6.93,437.0,3.0,100.0
-,UPS,2020-02-28,USD,90.49,2020-09-02,95.98,6.07,8.0,2020-03-03,95.98,CLOSED,6.07,382.0,2.0,100.0
-,UPS,2020-02-28,USD,90.49,2020-04-29,93.67,3.51,15.0,2020-03-03,93.67,CLOSED,3.51,221.0,7.0,100.0
-,2638.HK,2020-02-28,HKD,7.84,2020-11-13,8.63,10.08,10.0,2020-07-03,7.97,OPEN,1.66,3.0,49.0,16.0
-,NKE,2020-02-28,USD,89.38,2021-01-14,108.13,20.98,16.0,2020-07-02,98.43,OPEN,10.13,20.0,39.0,48.0
-,V,2020-02-28,USD,181.76,2020-08-14,213.4,17.41,26.0,2020-07-02,195.67,OPEN,7.65,15.0,74.0,44.0
-,NKE,2020-02-28,USD,89.38,2021-01-18,110.37,23.48,18.0,2020-07-02,98.43,OPEN,10.13,20.0,38.0,43.0
-,V,2020-02-28,USD,181.76,2021-01-29,225.84,24.25,18.0,2020-07-02,195.67,OPEN,7.65,15.0,37.0,32.0
-,MA,2020-02-28,USD,290.25,2020-10-28,372.8,28.44,29.0,2020-07-02,302.42,OPEN,4.19,8.0,51.0,15.0
-,GOOG,2020-02-28,USD,1339.33,2020-12-26,1654.88,23.56,20.0,2020-07-02,1464.7,OPEN,9.36,19.0,41.0,40.0
-,MA,2020-02-28,USD,290.25,2020-07-30,339.51,16.97,28.0,2020-07-02,302.42,OPEN,4.19,8.0,82.0,25.0
-,MA,2020-02-28,USD,290.25,2020-11-21,394.74,36.0,34.0,2020-07-02,302.42,OPEN,4.19,8.0,47.0,12.0
-,MA,2020-02-28,USD,290.25,2020-07-19,327.66,12.89,23.0,2020-07-02,302.42,OPEN,4.19,8.0,88.0,33.0
-,MA,2020-02-28,USD,290.25,2021-02-06,405.94,39.86,29.0,2020-07-02,302.42,OPEN,4.19,8.0,36.0,11.0
-,GOOG,2020-02-28,USD,1339.33,2020-12-07,1615.1,20.59,18.0,2020-07-02,1464.7,OPEN,9.36,19.0,44.0,45.0
-,0288.HK,2020-03-02,HKD,8.04,2020-04-10,8.51,5.85,38.0,2020-03-05,8.51,CLOSED,5.85,491.0,8.0,100.0
-,0288.HK,2020-03-02,HKD,8.04,2020-05-04,8.76,8.96,36.0,2020-05-04,7.13,CLOSED,-11.32,-45.0,100.0,-126.0
-,1415.HK,2020-03-02,HKD,1.77,2020-12-13,2.5,41.24,36.0,2020-05-13,2.5,CLOSED,41.24,144.0,25.0,100.0
-,2588.HK,2020-03-02,HKD,69.5,2020-04-18,74.99,7.9,42.0,2020-04-17,49.65,CLOSED,-28.56,-156.0,98.0,-362.0
-,2588.HK,2020-03-02,HKD,69.5,2020-05-04,76.53,10.12,40.0,2020-05-04,47.9,CLOSED,-31.08,-124.0,100.0,-307.0
-,0435.HK,2020-03-02,HKD,4.57,2020-06-14,4.65,1.75,4.0,2020-03-03,4.65,CLOSED,1.75,441.0,1.0,100.0
-,0435.HK,2020-03-02,HKD,4.57,2020-04-11,4.65,1.75,11.0,2020-03-03,4.65,CLOSED,1.75,441.0,2.0,100.0
-,0435.HK,2020-03-02,HKD,4.57,2020-06-08,4.74,3.72,10.0,2020-03-05,4.74,CLOSED,3.72,312.0,3.0,100.0
-,XAR,2020-03-02,USD,102.75,2020-05-30,120.14,16.92,48.0,2020-05-29,88.08,CLOSED,-14.28,-41.0,99.0,-84.0
-,XAR,2020-03-02,USD,102.75,2020-05-13,121.67,18.41,64.0,2020-05-13,75.62,CLOSED,-26.4,-92.0,100.0,-143.0
-,XAR,2020-03-02,USD,102.75,2020-03-29,111.04,8.07,75.0,2020-03-27,77.76,CLOSED,-24.32,-245.0,93.0,-301.0
-,XAR,2020-03-02,USD,102.75,2020-05-09,125.08,21.73,81.0,2020-05-08,81.5,CLOSED,-20.68,-78.0,99.0,-95.0
-,V,2020-03-02,USD,192.33,2020-06-20,214.2,11.37,26.0,2020-06-19,192.2,CLOSED,-0.07,-0.0,99.0,-1.0
-,JNJ,2020-03-02,USD,140.02,2021-01-24,156.6,11.84,9.0,2020-04-23,156.6,CLOSED,11.84,57.0,16.0,100.0
-,DIS,2020-03-02,USD,119.98,2020-05-24,131.92,9.95,30.0,2020-05-22,118.02,CLOSED,-1.63,-5.0,98.0,-16.0
-,AMZN,2020-03-02,USD,1953.95,2020-12-31,2876.41,47.21,39.0,2020-07-01,2876.41,CLOSED,47.21,98.0,40.0,100.0
-,IXN,2020-03-02,USD,211.57,2020-11-18,237.7,12.35,12.0,2020-06-23,237.7,CLOSED,12.35,28.0,43.0,100.0
-,NKE,2020-03-02,USD,92.68,2020-07-05,101.64,9.67,19.0,2020-06-03,101.64,CLOSED,9.67,26.0,74.0,100.0
-,JNJ,2020-03-02,USD,140.02,2020-07-28,149.61,6.85,12.0,2020-04-16,149.61,CLOSED,6.85,38.0,30.0,100.0
-,UPS,2020-03-02,USD,92.75,2020-05-07,95.27,2.72,10.0,2020-03-03,95.27,CLOSED,2.72,685.0,2.0,100.0
-,RIO,2020-03-02,USD,48.77,2020-10-10,56.55,15.95,18.0,2020-06-03,56.55,CLOSED,15.95,43.0,42.0,100.0
-,GOOG,2020-03-02,USD,1389.11,2020-06-04,1528.58,10.04,27.0,2020-06-04,1412.18,CLOSED,1.66,4.0,100.0,17.0
-,V,2020-03-02,USD,192.33,2020-05-09,202.45,5.26,19.0,2020-05-08,185.09,CLOSED,-3.76,-14.0,99.0,-72.0
-,JNJ,2020-03-02,USD,140.02,2020-07-19,147.75,5.52,10.0,2020-04-15,147.75,CLOSED,5.52,32.0,32.0,100.0
-,LMT,2020-03-02,USD,381.35,2020-07-15,408.43,7.1,13.0,2020-06-05,408.43,CLOSED,7.1,19.0,70.0,100.0
-,LMT,2020-03-02,USD,381.35,2020-07-26,412.12,8.07,14.0,2020-06-05,412.12,CLOSED,8.07,21.0,65.0,100.0
-,NKE,2020-03-02,USD,92.68,2020-07-08,99.98,7.88,16.0,2020-05-27,99.98,CLOSED,7.88,23.0,67.0,100.0
-,QQQ,2020-03-02,USD,216.42,2021-02-20,233.24,7.77,6.0,2020-05-26,233.24,CLOSED,7.77,23.0,24.0,100.0
-,WMT,2020-03-02,USD,115.88,2020-07-11,121.59,4.93,9.0,2020-03-18,121.59,CLOSED,4.93,78.0,12.0,100.0
-,JNJ,2020-03-02,USD,140.02,2020-05-16,147.4,5.27,18.0,2020-04-14,147.4,CLOSED,5.27,31.0,57.0,100.0
-,NKE,2020-03-02,USD,92.68,2020-05-16,97.57,5.28,18.0,2020-05-15,86.99,CLOSED,-6.14,-21.0,99.0,-116.0
-,LMT,2020-03-02,USD,381.35,2020-04-29,404.0,5.94,26.0,2020-04-29,387.91,CLOSED,1.72,7.0,100.0,29.0
-,LMT,2020-03-02,USD,381.35,2020-04-27,398.4,4.47,20.0,2020-03-04,398.4,CLOSED,4.47,563.0,4.0,100.0
-,MA,2020-03-02,USD,306.74,2020-05-06,316.31,3.12,12.0,2020-05-06,272.44,CLOSED,-11.18,-43.0,100.0,-358.0
-,NKE,2020-03-02,USD,92.68,2020-05-14,97.09,4.76,16.0,2020-05-14,86.55,CLOSED,-6.61,-23.0,100.0,-139.0
-,LMT,2020-03-02,USD,381.35,2020-04-24,393.25,3.12,15.0,2020-03-03,393.25,CLOSED,3.12,786.0,2.0,100.0
-,QQQ,2020-03-02,USD,216.42,2021-01-12,235.42,8.78,7.0,2020-06-02,235.42,CLOSED,8.78,24.0,29.0,100.0
-,WMT,2020-03-02,USD,115.88,2020-05-05,119.98,3.54,14.0,2020-03-09,119.98,CLOSED,3.54,127.0,11.0,100.0
-,WMT,2020-03-02,USD,115.88,2020-07-29,120.43,3.93,7.0,2020-03-09,120.43,CLOSED,3.93,141.0,5.0,100.0
-,UPS,2020-03-02,USD,92.75,2020-09-05,98.38,6.07,8.0,2020-03-18,98.38,CLOSED,6.07,96.0,9.0,100.0
-,UPS,2020-03-02,USD,92.75,2020-05-02,96.01,3.51,15.0,2020-03-17,96.01,CLOSED,3.51,59.0,25.0,100.0
-,ASX-VCX,2020-03-02,AUD,2.19,2020-12-22,2.59,18.26,16.0,2020-07-03,1.45,OPEN,-33.79,-69.0,42.0,-185.0
-,ASX-VCX,2020-03-02,AUD,2.19,2020-12-22,2.47,12.79,11.0,2020-07-03,1.45,OPEN,-33.79,-69.0,42.0,-264.0
-,0288.HK,2020-03-02,HKD,8.04,2020-12-29,9.48,17.91,15.0,2020-07-03,6.94,OPEN,-13.68,-28.0,41.0,-76.0
-,2588.HK,2020-03-02,HKD,69.5,2020-07-17,83.07,19.53,36.0,2020-07-03,50.1,OPEN,-27.91,-57.0,90.0,-143.0
-,2588.HK,2020-03-02,HKD,69.5,2020-08-10,81.42,17.15,27.0,2020-07-03,50.1,OPEN,-27.91,-57.0,76.0,-163.0
-,2208.HK,2020-03-02,HKD,7.92,2021-02-06,10.56,33.33,25.0,2020-07-03,6.8,OPEN,-14.14,-29.0,36.0,-42.0
-,0435.HK,2020-03-02,HKD,4.57,2020-07-20,5.09,11.38,20.0,2020-07-03,4.03,OPEN,-11.82,-24.0,88.0,-104.0
-,0435.HK,2020-03-02,HKD,4.57,2020-12-21,5.28,15.54,13.0,2020-07-03,4.03,OPEN,-11.82,-24.0,42.0,-76.0
-,0857.HK,2020-03-02,HKD,3.1,2020-11-26,4.95,59.68,56.0,2020-07-03,2.7,OPEN,-12.9,-26.0,46.0,-22.0
-,2800.HK,2020-03-02,HKD,26.65,2021-01-02,31.56,18.42,15.0,2020-07-03,25.92,OPEN,-2.74,-6.0,40.0,-15.0
-,2208.HK,2020-03-02,HKD,7.92,2021-01-25,10.53,32.95,25.0,2020-07-03,6.8,OPEN,-14.14,-29.0,37.0,-43.0
-,2800.HK,2020-03-02,HKD,26.65,2020-08-08,28.57,7.2,11.0,2020-07-03,25.92,OPEN,-2.74,-6.0,77.0,-38.0
-,NKE,2020-03-02,USD,92.68,2021-01-17,112.12,20.98,16.0,2020-07-02,98.43,OPEN,6.2,13.0,38.0,30.0
-,V,2020-03-02,USD,192.33,2020-08-17,225.81,17.41,26.0,2020-07-02,195.67,OPEN,1.74,4.0,73.0,10.0
-,NKE,2020-03-02,USD,92.68,2021-01-21,114.44,23.48,18.0,2020-07-02,98.43,OPEN,6.2,13.0,38.0,26.0
-,V,2020-03-02,USD,192.33,2021-02-01,238.97,24.25,18.0,2020-07-02,195.67,OPEN,1.74,4.0,36.0,7.0
-,XAR,2020-03-02,USD,102.75,2020-10-27,118.17,15.01,16.0,2020-07-02,86.9,OPEN,-15.43,-32.0,51.0,-103.0
-,LULU,2020-03-02,USD,228.9,2021-02-24,338.15,47.73,34.0,2020-07-02,304.77,OPEN,33.15,68.0,34.0,69.0
-,XAR,2020-03-02,USD,102.75,2020-12-20,140.68,36.91,32.0,2020-07-02,86.9,OPEN,-15.43,-32.0,42.0,-42.0
-,XAR,2020-03-02,USD,102.75,2020-08-26,137.55,33.87,48.0,2020-07-02,86.9,OPEN,-15.43,-32.0,69.0,-46.0
-,MA,2020-03-02,USD,306.74,2020-10-31,393.98,28.44,29.0,2020-07-02,302.42,OPEN,-1.41,-3.0,50.0,-5.0
-,AMZN,2020-03-02,USD,1953.95,2021-01-24,3154.85,61.46,47.0,2020-07-02,2890.3,OPEN,47.92,99.0,37.0,78.0
-,XAR,2020-03-02,USD,102.75,2020-08-09,113.57,10.53,17.0,2020-07-02,86.9,OPEN,-15.43,-32.0,76.0,-146.0
-,KO,2020-03-02,USD,55.92,2021-02-02,61.8,10.52,8.0,2020-07-02,44.88,OPEN,-19.74,-41.0,36.0,-188.0
-,GOOG,2020-03-02,USD,1389.11,2020-12-29,1716.38,23.56,20.0,2020-07-02,1464.7,OPEN,5.44,11.0,40.0,23.0
-,LULU,2020-03-02,USD,228.9,2021-02-16,353.1,54.26,39.0,2020-07-02,304.77,OPEN,33.15,68.0,35.0,61.0
-,LMT,2020-03-02,USD,381.35,2020-12-10,426.58,11.86,11.0,2020-07-02,362.0,OPEN,-5.07,-10.0,43.0,-43.0
-,AAPL,2020-03-02,USD,298.81,2020-12-16,377.1,26.2,23.0,2020-07-02,364.11,OPEN,21.85,45.0,42.0,83.0
-,MA,2020-03-02,USD,306.74,2020-08-02,358.79,16.97,28.0,2020-07-02,302.42,OPEN,-1.41,-3.0,80.0,-8.0
-,MA,2020-03-02,USD,306.74,2020-11-24,417.17,36.0,34.0,2020-07-02,302.42,OPEN,-1.41,-3.0,46.0,-4.0
-,DIS,2020-03-02,USD,119.98,2021-01-30,134.51,12.11,9.0,2020-07-02,112.18,OPEN,-6.5,-13.0,37.0,-54.0
-,MA,2020-03-02,USD,306.74,2020-07-22,346.28,12.89,23.0,2020-07-02,302.42,OPEN,-1.41,-3.0,86.0,-11.0
-,MA,2020-03-02,USD,306.74,2021-02-09,429.01,39.86,29.0,2020-07-02,302.42,OPEN,-1.41,-3.0,35.0,-4.0
-,LMT,2020-03-02,USD,381.35,2021-02-26,439.77,15.32,11.0,2020-07-02,362.0,OPEN,-5.07,-10.0,34.0,-33.0
-,V,2020-03-02,USD,192.33,2020-07-24,206.1,7.16,13.0,2020-07-02,195.67,OPEN,1.74,4.0,85.0,24.0
-,GOOG,2020-03-02,USD,1389.11,2020-12-10,1675.13,20.59,18.0,2020-07-02,1464.7,OPEN,5.44,11.0,43.0,26.0
-,AAPL,2020-03-02,USD,298.81,2021-01-03,379.76,27.09,22.0,2020-07-02,364.11,OPEN,21.85,45.0,40.0,81.0
-,XAR,2020-03-02,USD,102.75,2020-11-10,117.38,14.24,14.0,2020-07-02,86.9,OPEN,-15.43,-32.0,48.0,-108.0
-,XAR,2020-03-02,USD,102.75,2020-07-26,109.51,6.58,11.0,2020-07-02,86.9,OPEN,-15.43,-32.0,84.0,-234.0
-,RIO,2020-03-02,USD,48.77,2021-02-24,64.12,31.47,22.0,2020-07-02,56.29,OPEN,15.42,32.0,34.0,49.0
-,RIO,2020-03-02,USD,48.77,2020-07-05,59.06,21.1,43.0,2020-07-02,56.29,OPEN,15.42,32.0,98.0,73.0
-,ITA,2020-03-02,USD,207.17,2021-01-02,263.0,26.95,22.0,2020-07-02,163.59,OPEN,-21.04,-43.0,40.0,-78.0
-,MMM,2020-03-02,USD,153.02,2020-11-17,173.28,13.24,13.0,2020-07-02,157.04,OPEN,2.63,5.0,47.0,20.0
-,XAR,2020-03-02,USD,102.75,2020-07-29,111.59,8.6,15.0,2020-07-02,86.9,OPEN,-15.43,-32.0,82.0,-179.0
-,MCD,2020-03-02,USD,202.55,2021-01-05,238.46,17.73,14.0,2020-07-02,183.52,OPEN,-9.4,-19.0,39.0,-53.0
-,MCD,2020-03-02,USD,202.55,2021-02-09,230.64,13.87,10.0,2020-07-02,183.52,OPEN,-9.4,-19.0,35.0,-68.0
-,MCD,2020-03-02,USD,202.55,2020-07-04,215.86,6.57,13.0,2020-07-02,183.52,OPEN,-9.4,-19.0,98.0,-143.0
-,DIS,2020-03-02,USD,119.98,2020-10-24,138.43,15.38,16.0,2020-07-02,112.18,OPEN,-6.5,-13.0,52.0,-42.0
-,DIS,2020-03-02,USD,119.98,2020-09-21,128.86,7.4,9.0,2020-07-02,112.18,OPEN,-6.5,-13.0,60.0,-88.0
-,AAPL,2020-03-02,USD,298.81,2020-11-25,374.53,25.34,24.0,2020-07-02,364.11,OPEN,21.85,45.0,46.0,86.0
-,ITA,2020-03-02,USD,207.17,2020-10-20,227.78,9.95,11.0,2020-07-02,163.59,OPEN,-21.04,-43.0,53.0,-211.0
-,MCD,2020-03-02,USD,202.55,2020-07-11,213.85,5.58,11.0,2020-07-02,183.52,OPEN,-9.4,-19.0,93.0,-168.0
-,DIS,2020-03-02,USD,119.98,2020-08-18,128.05,6.73,10.0,2020-07-02,112.18,OPEN,-6.5,-13.0,72.0,-97.0
-,RIO,2020-03-02,USD,48.77,2021-01-20,67.83,39.08,30.0,2020-07-02,56.29,OPEN,15.42,32.0,38.0,39.0
-,ASX-A2M,2020-03-03,AUD,16.13,2020-06-14,19.6,21.51,53.0,2020-06-12,17.68,CLOSED,9.61,24.0,98.0,45.0
-,ASX-AGL,2020-03-03,AUD,18.86,2020-06-25,20.44,8.38,19.0,2020-06-25,16.8,CLOSED,-10.92,-24.0,100.0,-130.0
-,ASX-REA,2020-03-03,AUD,98.55,2020-07-04,112.07,13.72,28.0,2020-06-23,112.07,CLOSED,13.72,31.0,91.0,100.0
-,ASX-REA,2020-03-03,AUD,98.55,2020-07-14,111.96,13.61,26.0,2020-06-23,111.96,CLOSED,13.61,31.0,84.0,100.0
-,ASX-A2M,2020-03-03,AUD,16.13,2020-04-15,17.68,9.61,56.0,2020-04-15,17.68,CLOSED,9.61,56.0,100.0,100.0
-,ASX-ORG,2020-03-03,AUD,7.04,2020-05-03,7.6,7.95,33.0,2020-05-01,5.27,CLOSED,-25.14,-107.0,97.0,-316.0
-,ASX-NAN,2020-03-03,AUD,6.77,2020-05-14,7.35,8.57,30.0,2020-05-14,6.83,CLOSED,0.89,3.0,100.0,10.0
-,ASX-ORG,2020-03-03,AUD,7.04,2020-05-08,7.45,5.82,22.0,2020-05-08,5.53,CLOSED,-21.45,-82.0,100.0,-368.0
-,ASX-RIO,2020-03-03,AUD,88.8,2020-08-05,101.07,13.82,22.0,2020-06-09,101.07,CLOSED,13.82,36.0,63.0,100.0
-,2768.HK,2020-03-03,HKD,3.17,2020-04-08,3.55,11.99,84.0,2020-04-08,3.2,CLOSED,0.95,7.0,100.0,8.0
-,2768.HK,2020-03-03,HKD,3.17,2020-04-08,3.72,17.35,121.0,2020-04-08,3.2,CLOSED,0.95,7.0,100.0,5.0
-,0823.HK,2020-03-03,HKD,71.65,2021-02-07,75.06,4.76,4.0,2020-03-05,75.06,CLOSED,4.76,600.0,1.0,100.0
-,0823.HK,2020-03-03,HKD,71.65,2021-02-13,76.66,6.99,5.0,2020-03-10,76.66,CLOSED,6.99,252.0,2.0,100.0
-,1038.HK,2020-03-03,HKD,52.6,2020-04-27,54.67,3.94,18.0,2020-04-27,45.9,CLOSED,-12.74,-58.0,100.0,-324.0
-,1038.HK,2020-03-03,HKD,52.6,2020-04-29,54.31,3.25,14.0,2020-03-05,54.31,CLOSED,3.25,410.0,4.0,100.0
-,0435.HK,2020-03-03,HKD,4.59,2020-05-10,4.8,4.58,17.0,2020-05-08,3.93,CLOSED,-14.38,-55.0,97.0,-314.0
-,0435.HK,2020-03-03,HKD,4.59,2020-07-01,4.85,5.66,12.0,2020-06-30,3.85,CLOSED,-16.12,-34.0,99.0,-285.0
-,ASX-A2M,2020-03-03,AUD,16.13,2020-08-22,24.02,48.92,72.0,2020-07-03,19.83,OPEN,22.94,47.0,71.0,47.0
-,ASX-VCX,2020-03-03,AUD,2.24,2020-12-23,2.65,18.3,16.0,2020-07-03,1.45,OPEN,-35.27,-73.0,41.0,-193.0
-,ASX-VCX,2020-03-03,AUD,2.24,2020-12-23,2.52,12.5,11.0,2020-07-03,1.45,OPEN,-35.27,-73.0,41.0,-282.0
-,ASX-REA,2020-03-03,AUD,98.55,2020-12-11,131.51,33.44,30.0,2020-07-03,110.71,OPEN,12.34,25.0,43.0,37.0
-,ASX-REA,2020-03-03,AUD,98.55,2020-11-24,135.48,37.47,35.0,2020-07-03,110.71,OPEN,12.34,25.0,46.0,33.0
-,STW,2020-03-03,USD,59.9,2020-08-21,63.99,6.83,10.0,2020-07-03,56.12,OPEN,-6.31,-13.0,71.0,-92.0
-,ASX-REA,2020-03-03,AUD,98.55,2021-01-04,137.91,39.94,33.0,2020-07-03,110.71,OPEN,12.34,25.0,40.0,31.0
-,ASX-REA,2020-03-03,AUD,98.55,2020-11-07,138.15,40.18,41.0,2020-07-03,110.71,OPEN,12.34,25.0,49.0,31.0
-,STW,2020-03-03,USD,59.9,2020-12-19,64.98,8.48,7.0,2020-07-03,56.12,OPEN,-6.31,-13.0,42.0,-74.0
-,ASX-BKW,2020-03-03,AUD,18.0,2020-11-04,20.34,13.0,13.0,2020-07-03,16.0,OPEN,-11.11,-23.0,50.0,-85.0
-,ASX-BHP,2020-03-03,AUD,33.99,2020-08-09,39.44,16.03,25.0,2020-07-03,36.26,OPEN,6.68,14.0,77.0,42.0
-,STW,2020-03-03,USD,59.9,2020-11-12,63.84,6.58,7.0,2020-07-03,56.12,OPEN,-6.31,-13.0,48.0,-96.0
-,ASX-IVC,2020-03-03,AUD,14.3,2020-08-24,15.3,6.99,10.0,2020-07-03,10.67,OPEN,-25.38,-52.0,70.0,-363.0
-,ASX-IVC,2020-03-03,AUD,14.3,2020-08-24,15.3,6.99,10.0,2020-07-03,10.67,OPEN,-25.38,-52.0,70.0,-363.0
-,STW,2020-03-03,USD,59.9,2020-08-27,62.91,5.03,7.0,2020-07-03,56.12,OPEN,-6.31,-13.0,69.0,-126.0
-,ASX-BKW,2020-03-03,AUD,18.0,2020-11-20,20.01,11.17,11.0,2020-07-03,16.0,OPEN,-11.11,-23.0,47.0,-100.0
-,ASX-AGL,2020-03-03,AUD,18.86,2020-08-05,20.01,6.1,10.0,2020-07-03,17.59,OPEN,-6.73,-14.0,79.0,-110.0
-,ASX-NAN,2020-03-03,AUD,6.77,2021-01-27,8.31,22.75,17.0,2020-07-03,6.88,OPEN,1.62,3.0,37.0,7.0
-,ASX-NAN,2020-03-03,AUD,6.77,2020-09-05,7.46,10.19,14.0,2020-07-03,6.88,OPEN,1.62,3.0,66.0,16.0
-,0823.HK,2020-03-03,HKD,71.65,2020-11-05,85.21,18.93,19.0,2020-07-03,64.8,OPEN,-9.56,-20.0,49.0,-51.0
-,0435.HK,2020-03-03,HKD,4.59,2020-11-07,5.47,19.17,19.0,2020-07-03,4.03,OPEN,-12.2,-25.0,49.0,-64.0
-,0823.HK,2020-03-03,HKD,71.65,2020-11-27,85.8,19.75,19.0,2020-07-03,64.8,OPEN,-9.56,-20.0,45.0,-48.0
-,1038.HK,2020-03-03,HKD,52.6,2021-03-02,65.84,25.17,17.0,2020-07-03,40.45,OPEN,-23.1,-48.0,34.0,-92.0
-,1038.HK,2020-03-03,HKD,52.6,2021-02-15,65.07,23.71,17.0,2020-07-03,40.45,OPEN,-23.1,-48.0,35.0,-97.0
-,0435.HK,2020-03-03,HKD,4.59,2020-10-27,5.24,14.16,15.0,2020-07-03,4.03,OPEN,-12.2,-25.0,51.0,-86.0
-,0435.HK,2020-03-03,HKD,4.59,2020-10-13,5.37,16.99,19.0,2020-07-03,4.03,OPEN,-12.2,-25.0,54.0,-72.0
-,0066.HK,2020-03-03,HKD,43.3,2021-02-08,52.84,22.03,16.0,2020-07-03,41.55,OPEN,-4.04,-8.0,36.0,-18.0
-,0823.HK,2020-03-03,HKD,71.65,2020-12-16,86.83,21.19,19.0,2020-07-03,64.8,OPEN,-9.56,-20.0,42.0,-45.0
-,0808.HK,2020-03-03,HKD,2.86,2020-11-17,3.25,13.64,13.0,2020-07-03,2.37,OPEN,-17.13,-35.0,47.0,-126.0
-,0823.HK,2020-03-03,HKD,71.65,2020-12-08,86.18,20.28,18.0,2020-07-03,64.8,OPEN,-9.56,-20.0,44.0,-47.0
-,0435.HK,2020-03-03,HKD,4.59,2020-12-11,5.3,15.47,14.0,2020-07-03,4.03,OPEN,-12.2,-25.0,43.0,-79.0
-,1270.HK,2020-03-03,HKD,1.78,2020-10-15,1.99,11.8,13.0,2020-07-03,1.2,OPEN,-32.58,-67.0,54.0,-276.0
-,0173.HK,2020-03-03,HKD,3.78,2021-03-02,5.62,48.68,34.0,2020-07-03,3.49,OPEN,-7.67,-16.0,34.0,-16.0
-,0808.HK,2020-03-03,HKD,2.86,2020-11-08,3.2,11.89,12.0,2020-07-03,2.37,OPEN,-17.13,-35.0,49.0,-144.0
-,0808.HK,2020-03-03,HKD,2.86,2020-12-02,3.28,14.69,14.0,2020-07-03,2.37,OPEN,-17.13,-35.0,45.0,-117.0
-,1038.HK,2020-03-03,HKD,52.6,2020-07-18,55.8,6.08,11.0,2020-07-03,40.45,OPEN,-23.1,-48.0,89.0,-380.0
-,0808.HK,2020-03-03,HKD,2.86,2020-10-30,3.18,11.19,12.0,2020-07-03,2.37,OPEN,-17.13,-35.0,51.0,-153.0
-,0006.HK,2020-03-03,HKD,55.15,2021-02-21,60.08,8.94,6.0,2020-07-03,43.65,OPEN,-20.85,-43.0,34.0,-233.0
-,1038.HK,2020-03-03,HKD,52.6,2020-07-24,55.79,6.06,11.0,2020-07-03,40.45,OPEN,-23.1,-48.0,85.0,-381.0
-,0006.HK,2020-03-03,HKD,55.15,2020-08-06,57.68,4.59,7.0,2020-07-03,43.65,OPEN,-20.85,-43.0,78.0,-455.0
-,ASX-RIO,2020-03-04,AUD,90.0,2020-08-06,102.44,13.82,22.0,2020-06-09,102.44,CLOSED,13.82,36.0,63.0,100.0
-,0823.HK,2020-03-04,HKD,73.9,2021-02-08,77.42,4.76,4.0,2020-03-10,77.42,CLOSED,4.76,200.0,2.0,100.0
-,1038.HK,2020-03-04,HKD,52.85,2020-04-30,54.57,3.25,14.0,2020-03-05,54.57,CLOSED,3.25,819.0,2.0,100.0
-,0435.HK,2020-03-04,HKD,4.62,2020-05-11,4.83,4.55,17.0,2020-05-11,3.96,CLOSED,-14.29,-53.0,100.0,-314.0
-,0435.HK,2020-03-04,HKD,4.62,2020-07-02,4.89,5.84,12.0,2020-07-02,4.05,CLOSED,-12.34,-26.0,100.0,-211.0
-,DIS,2020-03-04,USD,119.18,2020-05-26,131.04,9.95,30.0,2020-05-26,120.95,CLOSED,1.49,5.0,100.0,15.0
-,UPS,2020-03-04,USD,95.82,2020-05-09,98.43,2.72,10.0,2020-03-18,98.43,CLOSED,2.72,49.0,21.0,100.0
-,JNJ,2020-03-04,USD,143.48,2020-07-21,151.4,5.52,10.0,2020-04-17,151.4,CLOSED,5.52,32.0,32.0,100.0
-,LMT,2020-03-04,USD,402.03,2020-05-01,425.91,5.94,26.0,2020-05-01,383.47,CLOSED,-4.62,-20.0,100.0,-78.0
-,LMT,2020-03-04,USD,402.03,2020-04-29,420.0,4.47,20.0,2020-04-29,387.91,CLOSED,-3.51,-16.0,100.0,-79.0
-,LMT,2020-03-04,USD,402.03,2020-04-26,414.57,3.12,15.0,2020-04-24,381.77,CLOSED,-5.04,-25.0,96.0,-162.0
-,DIS,2020-03-04,USD,119.18,2020-08-20,127.2,6.73,10.0,2020-06-05,127.2,CLOSED,6.73,18.0,55.0,100.0
-,UPS,2020-03-04,USD,95.82,2020-09-07,101.64,6.07,8.0,2020-03-18,101.64,CLOSED,6.07,109.0,7.0,100.0
-,UPS,2020-03-04,USD,95.82,2020-05-04,99.18,3.51,15.0,2020-03-18,99.18,CLOSED,3.51,63.0,23.0,100.0
-,0823.HK,2020-03-04,HKD,73.9,2020-11-06,87.89,18.93,19.0,2020-07-03,64.8,OPEN,-12.31,-26.0,49.0,-65.0
-,0435.HK,2020-03-04,HKD,4.62,2020-11-08,5.5,19.05,19.0,2020-07-03,4.03,OPEN,-12.77,-27.0,49.0,-67.0
-,0823.HK,2020-03-04,HKD,73.9,2020-11-28,88.5,19.76,19.0,2020-07-03,64.8,OPEN,-12.31,-26.0,45.0,-62.0
-,0823.HK,2020-03-04,HKD,73.9,2021-02-14,79.07,7.0,5.0,2020-07-03,64.8,OPEN,-12.31,-26.0,35.0,-176.0
-,1038.HK,2020-03-04,HKD,52.85,2021-02-16,65.38,23.71,17.0,2020-07-03,40.45,OPEN,-23.46,-49.0,35.0,-99.0
-,0435.HK,2020-03-04,HKD,4.62,2020-10-28,5.27,14.07,15.0,2020-07-03,4.03,OPEN,-12.77,-27.0,51.0,-91.0
-,0435.HK,2020-03-04,HKD,4.62,2020-10-14,5.41,17.1,19.0,2020-07-03,4.03,OPEN,-12.77,-27.0,54.0,-75.0
-,0823.HK,2020-03-04,HKD,73.9,2020-12-17,89.55,21.18,19.0,2020-07-03,64.8,OPEN,-12.31,-26.0,42.0,-58.0
-,0823.HK,2020-03-04,HKD,73.9,2020-12-09,88.89,20.28,18.0,2020-07-03,64.8,OPEN,-12.31,-26.0,43.0,-61.0
-,0435.HK,2020-03-04,HKD,4.62,2020-12-12,5.33,15.37,14.0,2020-07-03,4.03,OPEN,-12.77,-27.0,43.0,-83.0
-,2208.HK,2020-03-04,HKD,7.74,2021-01-27,10.29,32.95,25.0,2020-07-03,6.8,OPEN,-12.14,-25.0,37.0,-37.0
-,1038.HK,2020-03-04,HKD,52.85,2020-07-25,56.06,6.07,11.0,2020-07-03,40.45,OPEN,-23.46,-49.0,85.0,-386.0
-,XAR,2020-03-04,USD,105.71,2020-10-29,121.58,15.01,16.0,2020-07-02,86.9,OPEN,-17.79,-37.0,50.0,-119.0
-,JNJ,2020-03-04,USD,143.48,2021-01-26,160.47,11.84,9.0,2020-07-02,140.97,OPEN,-1.75,-4.0,37.0,-15.0
-,XAR,2020-03-04,USD,105.71,2020-08-11,116.84,10.53,17.0,2020-07-02,86.9,OPEN,-17.79,-37.0,75.0,-169.0
-,LMT,2020-03-04,USD,402.03,2020-12-12,449.71,11.86,11.0,2020-07-02,362.0,OPEN,-9.96,-21.0,42.0,-84.0
-,DIS,2020-03-04,USD,119.18,2021-02-01,133.61,12.11,9.0,2020-07-02,112.18,OPEN,-5.87,-12.0,36.0,-49.0
-,LMT,2020-03-04,USD,402.03,2021-02-28,463.62,15.32,11.0,2020-07-02,362.0,OPEN,-9.96,-21.0,33.0,-65.0
-,XAR,2020-03-04,USD,105.71,2020-07-28,112.67,6.58,11.0,2020-07-02,86.9,OPEN,-17.79,-37.0,82.0,-270.0
-,MMM,2020-03-04,USD,153.98,2020-11-19,174.37,13.24,13.0,2020-07-02,157.04,OPEN,1.99,4.0,46.0,15.0
-,XAR,2020-03-04,USD,105.71,2020-07-31,114.8,8.6,15.0,2020-07-02,86.9,OPEN,-17.79,-37.0,81.0,-207.0
-,LMT,2020-03-04,USD,402.03,2020-07-17,430.57,7.1,13.0,2020-07-02,362.0,OPEN,-9.96,-21.0,89.0,-140.0
-,LMT,2020-03-04,USD,402.03,2020-07-28,434.47,8.07,14.0,2020-07-02,362.0,OPEN,-9.96,-21.0,82.0,-123.0
-,DIS,2020-03-04,USD,119.18,2020-10-26,137.51,15.38,16.0,2020-07-02,112.18,OPEN,-5.87,-12.0,51.0,-38.0
-,DIS,2020-03-04,USD,119.18,2020-09-23,128.0,7.4,9.0,2020-07-02,112.18,OPEN,-5.87,-12.0,59.0,-79.0
-,ITA,2020-03-04,USD,211.18,2020-10-22,232.19,9.95,11.0,2020-07-02,163.59,OPEN,-22.54,-47.0,52.0,-227.0
-,XAR,2020-03-04,USD,105.71,2020-10-18,119.06,12.63,14.0,2020-07-02,86.9,OPEN,-17.79,-37.0,53.0,-141.0
-,ASX-CWN,2020-03-05,AUD,9.92,2020-05-11,10.72,8.06,30.0,2020-05-11,9.32,CLOSED,-6.05,-23.0,100.0,-75.0
-,ASX-CWN,2020-03-05,AUD,9.92,2020-06-28,10.7,7.86,17.0,2020-06-09,10.7,CLOSED,7.86,21.0,83.0,100.0
-,ASX-WBC,2020-03-05,AUD,22.25,2020-04-21,23.15,4.04,22.0,2020-04-21,15.17,CLOSED,-31.82,-171.0,100.0,-787.0
-,ASX-WBC,2020-03-05,AUD,22.25,2020-05-01,23.8,6.97,31.0,2020-05-01,15.34,CLOSED,-31.06,-137.0,100.0,-446.0
-,ASX-AGL,2020-03-05,AUD,18.96,2020-06-27,20.55,8.39,19.0,2020-06-26,16.9,CLOSED,-10.86,-24.0,99.0,-130.0
-,ASX-CWN,2020-03-05,AUD,9.92,2020-05-06,10.46,5.44,22.0,2020-05-06,9.3,CLOSED,-6.25,-25.0,100.0,-115.0
-,ASX-BEN,2020-03-05,AUD,8.47,2020-04-27,9.31,9.92,47.0,2020-04-27,5.68,CLOSED,-32.94,-157.0,100.0,-332.0
-,ASX-CWN,2020-03-05,AUD,9.92,2020-08-25,10.76,8.47,12.0,2020-06-09,10.76,CLOSED,8.47,22.0,55.0,100.0
-,ASX-ORG,2020-03-05,AUD,7.0,2020-04-18,7.59,8.43,48.0,2020-04-17,5.17,CLOSED,-26.14,-153.0,98.0,-310.0
-,ASX-ORG,2020-03-05,AUD,7.0,2020-05-05,7.55,7.86,32.0,2020-05-05,5.55,CLOSED,-20.71,-86.0,100.0,-264.0
-,ASX-NAB,2020-03-05,AUD,23.29,2020-06-25,25.05,7.56,17.0,2020-06-25,17.91,CLOSED,-23.1,-52.0,100.0,-306.0
-,ASX-CWN,2020-03-05,AUD,9.92,2020-05-16,10.38,4.64,16.0,2020-05-15,9.05,CLOSED,-8.77,-31.0,99.0,-189.0
-,ASX-CWN,2020-03-05,AUD,9.92,2020-08-28,10.6,6.85,10.0,2020-06-09,10.6,CLOSED,6.85,18.0,55.0,100.0
-,ASX-ORG,2020-03-05,AUD,7.0,2020-05-10,7.4,5.71,22.0,2020-05-08,5.53,CLOSED,-21.0,-83.0,97.0,-367.0
-,1299.HK,2020-03-05,HKD,77.65,2020-05-01,81.86,5.42,24.0,2020-04-29,71.95,CLOSED,-7.34,-34.0,96.0,-135.0
-,ASX-CWN,2020-03-05,AUD,9.92,2021-01-04,11.94,20.36,17.0,2020-07-03,9.78,OPEN,-1.41,-3.0,39.0,-7.0
-,ASX-NAB,2020-03-05,AUD,23.29,2020-12-26,26.95,15.71,13.0,2020-07-03,18.74,OPEN,-19.54,-41.0,41.0,-124.0
-,ASX-NAB,2020-03-05,AUD,23.29,2020-12-30,27.75,19.15,16.0,2020-07-03,18.74,OPEN,-19.54,-41.0,40.0,-102.0
-,ASX-WBC,2020-03-05,AUD,22.25,2021-01-07,24.12,8.4,7.0,2020-07-03,18.54,OPEN,-16.67,-35.0,39.0,-198.0
-,ASX-REA,2020-03-05,AUD,100.8,2020-12-13,134.51,33.44,30.0,2020-07-03,110.71,OPEN,9.83,21.0,42.0,29.0
-,ASX-REA,2020-03-05,AUD,100.8,2020-11-26,138.57,37.47,35.0,2020-07-03,110.71,OPEN,9.83,21.0,45.0,26.0
-,STW,2020-03-05,USD,59.73,2020-08-23,63.8,6.81,10.0,2020-07-03,56.12,OPEN,-6.04,-13.0,70.0,-89.0
-,ASX-REA,2020-03-05,AUD,100.8,2021-01-06,141.06,39.94,33.0,2020-07-03,110.71,OPEN,9.83,21.0,39.0,25.0
-,ASX-REA,2020-03-05,AUD,100.8,2020-11-09,141.3,40.18,41.0,2020-07-03,110.71,OPEN,9.83,21.0,48.0,24.0
-,STW,2020-03-05,USD,59.73,2020-12-21,64.8,8.49,7.0,2020-07-03,56.12,OPEN,-6.04,-13.0,41.0,-71.0
-,ASX-BKW,2020-03-05,AUD,17.78,2020-11-06,20.09,12.99,13.0,2020-07-03,16.0,OPEN,-10.01,-21.0,49.0,-77.0
-,ASX-WBC,2020-03-05,AUD,22.25,2020-11-21,24.33,9.35,9.0,2020-07-03,18.54,OPEN,-16.67,-35.0,46.0,-178.0
-,STW,2020-03-05,USD,59.73,2020-11-14,63.66,6.58,7.0,2020-07-03,56.12,OPEN,-6.04,-13.0,47.0,-92.0
-,ASX-REA,2020-03-05,AUD,100.8,2020-07-06,114.63,13.72,28.0,2020-07-03,110.71,OPEN,9.83,21.0,98.0,72.0
-,ASX-REA,2020-03-05,AUD,100.8,2020-07-16,114.52,13.61,26.0,2020-07-03,110.71,OPEN,9.83,21.0,90.0,72.0
-,STW,2020-03-05,USD,59.73,2020-08-29,62.73,5.02,7.0,2020-07-03,56.12,OPEN,-6.04,-13.0,68.0,-120.0
-,ASX-BKW,2020-03-05,AUD,17.78,2020-11-22,19.77,11.19,11.0,2020-07-03,16.0,OPEN,-10.01,-21.0,46.0,-89.0
-,ASX-AGL,2020-03-05,AUD,18.96,2020-08-07,20.12,6.12,10.0,2020-07-03,17.59,OPEN,-7.23,-15.0,77.0,-118.0
-,0002.HK,2020-03-05,HKD,84.2,2020-12-02,98.93,17.49,16.0,2020-07-03,77.7,OPEN,-7.72,-16.0,44.0,-44.0
-,1299.HK,2020-03-05,HKD,77.65,2020-10-12,93.1,19.9,23.0,2020-07-03,74.95,OPEN,-3.48,-7.0,54.0,-17.0
-,0435.HK,2020-03-05,HKD,4.72,2020-10-29,5.38,13.98,15.0,2020-07-03,4.03,OPEN,-14.62,-31.0,50.0,-105.0
-,0435.HK,2020-03-05,HKD,4.72,2020-12-13,5.45,15.47,14.0,2020-07-03,4.03,OPEN,-14.62,-31.0,42.0,-95.0
-,0002.HK,2020-03-05,HKD,84.2,2020-08-11,89.14,5.87,9.0,2020-07-03,77.7,OPEN,-7.72,-16.0,75.0,-132.0
-,1299.HK,2020-03-05,HKD,77.65,2020-07-11,85.54,10.16,20.0,2020-07-03,74.95,OPEN,-3.48,-7.0,94.0,-34.0
-,2208.HK,2020-03-05,HKD,7.96,2021-01-28,10.58,32.91,25.0,2020-07-03,6.8,OPEN,-14.57,-31.0,36.0,-44.0
-,0011.HK,2020-03-05,HKD,150.8,2021-02-18,166.38,10.33,7.0,2020-07-03,133.1,OPEN,-11.74,-25.0,34.0,-114.0
-,DLR,2020-03-06,USD,128.24,2020-10-03,143.41,11.83,14.0,2020-03-13,143.41,CLOSED,11.83,426.0,3.0,100.0
-,DIS,2020-03-06,USD,115.27,2020-05-28,127.49,10.6,32.0,2020-05-28,116.75,CLOSED,1.28,4.0,100.0,12.0
-,DIS,2020-03-06,USD,115.27,2020-09-25,124.54,8.04,10.0,2020-06-05,124.54,CLOSED,8.04,22.0,45.0,100.0
-,DIS,2020-03-06,USD,115.27,2020-08-22,123.77,7.37,11.0,2020-05-27,123.77,CLOSED,7.37,23.0,49.0,100.0
-,DLR,2020-03-06,USD,128.24,2020-06-18,135.86,5.94,14.0,2020-03-11,135.86,CLOSED,5.94,299.0,5.0,100.0
-,DIS,2020-03-06,USD,115.27,2021-02-03,129.99,12.77,10.0,2020-07-02,112.18,OPEN,-2.68,-6.0,35.0,-21.0
-,ASX-WBC,2020-03-09,AUD,19.52,2020-05-05,20.98,7.48,33.0,2020-05-05,16.2,CLOSED,-17.01,-75.0,100.0,-227.0
-,ASX-BEN,2020-03-09,AUD,7.04,2020-05-01,7.78,10.51,50.0,2020-05-01,6.01,CLOSED,-14.63,-70.0,100.0,-139.0
-,ASX-WBC,2020-03-09,AUD,19.52,2020-11-25,21.45,9.89,10.0,2020-07-03,18.54,OPEN,-5.02,-11.0,44.0,-51.0
-,2638.HK,2020-03-09,HKD,7.9,2020-11-05,8.78,11.14,12.0,2020-07-03,7.97,OPEN,0.89,2.0,48.0,8.0
-,2638.HK,2020-03-09,HKD,7.9,2020-09-07,8.43,6.71,9.0,2020-07-03,7.97,OPEN,0.89,2.0,64.0,13.0
-,ASX-BOQ,2020-03-10,AUD,6.66,2020-04-13,7.35,10.36,77.0,2020-04-09,4.98,CLOSED,-25.23,-212.0,88.0,-243.0
-,ASX-WBC,2020-03-10,AUD,20.54,2020-05-06,22.08,7.5,33.0,2020-05-06,15.96,CLOSED,-22.3,-99.0,100.0,-297.0
-,STW,2020-03-10,USD,55.55,2020-05-13,59.24,6.64,26.0,2020-05-13,50.3,CLOSED,-9.45,-37.0,100.0,-142.0
-,STW,2020-03-10,USD,55.55,2020-04-29,57.64,3.76,19.0,2020-04-29,49.89,CLOSED,-10.19,-51.0,100.0,-271.0
-,STW,2020-03-10,USD,55.55,2020-05-06,57.89,4.21,19.0,2020-05-06,50.01,CLOSED,-9.97,-44.0,100.0,-237.0
-,ASX-BHP,2020-03-10,AUD,29.25,2020-08-16,34.11,16.62,26.0,2020-05-19,34.11,CLOSED,16.62,60.0,44.0,100.0
-,ASX-BEN,2020-03-10,AUD,7.43,2020-05-02,8.21,10.5,50.0,2020-05-01,6.01,CLOSED,-19.11,-93.0,98.0,-182.0
-,ASX-REA,2020-03-10,AUD,97.45,2020-07-11,111.37,14.28,29.0,2020-06-23,111.37,CLOSED,14.28,34.0,85.0,100.0
-,ASX-REA,2020-03-10,AUD,97.45,2020-07-21,111.26,14.17,27.0,2020-06-23,111.26,CLOSED,14.17,34.0,79.0,100.0
-,ASX-BEN,2020-03-10,AUD,7.43,2020-08-14,8.0,7.67,12.0,2020-06-09,8.0,CLOSED,7.67,21.0,58.0,100.0
-,ASX-BEN,2020-03-10,AUD,7.43,2020-04-29,8.37,12.65,64.0,2020-04-29,6.04,CLOSED,-18.71,-94.0,100.0,-148.0
-,STW,2020-03-10,USD,55.55,2020-05-21,57.14,2.86,10.0,2020-05-21,51.48,CLOSED,-7.33,-26.0,100.0,-256.0
-,ASX-BOQ,2020-03-10,AUD,6.66,2020-05-07,6.98,4.8,21.0,2020-05-07,4.69,CLOSED,-29.58,-129.0,100.0,-616.0
-,ASX-BEN,2020-03-10,AUD,7.43,2020-05-06,7.93,6.73,30.0,2020-05-06,6.01,CLOSED,-19.11,-84.0,100.0,-284.0
-,ASX-BOQ,2020-03-10,AUD,6.66,2020-06-18,6.91,3.75,9.0,2020-06-18,6.34,CLOSED,-4.8,-12.0,100.0,-128.0
-,STW,2020-03-10,USD,55.55,2020-04-23,56.71,2.09,12.0,2020-04-23,48.38,CLOSED,-12.91,-74.0,100.0,-618.0
-,STW,2020-03-10,USD,55.55,2020-07-26,56.13,1.04,2.0,2020-06-09,56.13,CLOSED,1.04,3.0,66.0,100.0
-,STW,2020-03-10,USD,55.55,2020-05-31,56.92,2.47,8.0,2020-05-29,53.84,CLOSED,-3.08,-10.0,98.0,-125.0
-,ASX-BHP,2020-03-10,AUD,29.25,2020-08-12,33.86,15.76,26.0,2020-05-19,33.86,CLOSED,15.76,57.0,45.0,100.0
-,2588.HK,2020-03-10,HKD,59.7,2020-04-26,64.59,8.19,44.0,2020-04-24,52.1,CLOSED,-12.73,-71.0,96.0,-155.0
-,2588.HK,2020-03-10,HKD,59.7,2020-05-12,65.92,10.42,42.0,2020-05-12,48.95,CLOSED,-18.01,-72.0,100.0,-173.0
-,LULU,2020-03-10,USD,203.81,2021-03-04,302.86,48.6,34.0,2020-06-01,302.86,CLOSED,48.6,148.0,23.0,100.0
-,XAR,2020-03-10,USD,92.11,2020-06-07,108.35,17.63,50.0,2020-06-05,98.21,CLOSED,6.62,19.0,98.0,38.0
-,XAR,2020-03-10,USD,92.11,2020-05-21,109.73,19.13,67.0,2020-05-21,80.72,CLOSED,-12.37,-43.0,100.0,-65.0
-,XAR,2020-03-10,USD,92.11,2020-04-06,100.15,8.73,81.0,2020-04-06,76.4,CLOSED,-17.06,-159.0,100.0,-195.0
-,XAR,2020-03-10,USD,92.11,2020-05-17,112.8,22.46,83.0,2020-05-15,74.97,CLOSED,-18.61,-71.0,97.0,-83.0
-,DIS,2020-03-10,USD,111.46,2020-04-23,123.15,10.49,60.0,2020-04-23,101.0,CLOSED,-9.38,-54.0,100.0,-89.0
-,LULU,2020-03-10,USD,203.81,2021-02-24,316.19,55.14,40.0,2020-06-03,316.19,CLOSED,55.14,163.0,24.0,100.0
-,TSLA,2020-03-10,USD,645.0,2020-12-21,878.88,36.26,32.0,2020-06-01,878.88,CLOSED,36.26,110.0,29.0,100.0
-,DIS,2020-03-10,USD,111.46,2020-06-01,123.27,10.6,32.0,2020-05-27,123.27,CLOSED,10.6,34.0,94.0,100.0
-,DIS,2020-03-10,USD,111.46,2021-02-07,125.69,12.77,10.0,2020-06-05,125.69,CLOSED,12.77,37.0,26.0,100.0
-,AMZN,2020-03-10,USD,1891.82,2021-01-08,2801.41,48.08,40.0,2020-07-01,2801.41,CLOSED,48.08,107.0,37.0,100.0
-,IXN,2020-03-10,USD,199.25,2020-11-26,225.21,13.03,13.0,2020-06-03,225.21,CLOSED,13.03,39.0,33.0,100.0
-,NKE,2020-03-10,USD,88.3,2020-07-13,97.39,10.29,21.0,2020-05-26,97.39,CLOSED,10.29,34.0,62.0,100.0
-,XAR,2020-03-10,USD,92.11,2020-08-03,98.76,7.22,12.0,2020-06-05,98.76,CLOSED,7.22,21.0,60.0,100.0
-,RIO,2020-03-10,USD,45.8,2020-07-13,55.79,21.81,44.0,2020-06-02,55.79,CLOSED,21.81,65.0,67.0,100.0
-,XAR,2020-03-10,USD,92.11,2020-08-06,100.63,9.25,16.0,2020-06-08,100.63,CLOSED,9.25,26.0,60.0,100.0
-,NKE,2020-03-10,USD,88.3,2020-07-16,95.81,8.51,17.0,2020-05-26,95.81,CLOSED,8.51,28.0,60.0,100.0
-,NKE,2020-03-10,USD,88.3,2020-05-24,93.49,5.88,20.0,2020-05-19,93.49,CLOSED,5.88,21.0,93.0,100.0
-,HSBC,2020-03-10,USD,31.67,2020-05-12,33.51,5.81,23.0,2020-05-12,25.03,CLOSED,-20.97,-84.0,100.0,-361.0
-,DIS,2020-03-10,USD,111.46,2020-09-29,120.42,8.04,10.0,2020-05-20,120.42,CLOSED,8.04,29.0,35.0,100.0
-,NKE,2020-03-10,USD,88.3,2020-05-22,93.04,5.37,19.0,2020-05-19,93.04,CLOSED,5.37,19.0,96.0,100.0
-,TSLA,2020-03-10,USD,645.0,2020-07-25,728.2,12.9,24.0,2020-04-14,728.2,CLOSED,12.9,93.0,26.0,100.0
-,MA,2020-03-10,USD,280.57,2020-05-14,291.04,3.73,14.0,2020-05-14,277.31,CLOSED,-1.16,-4.0,100.0,-31.0
-,QQQ,2020-03-10,USD,204.11,2021-01-20,223.36,9.43,8.0,2020-05-08,223.36,CLOSED,9.43,40.0,19.0,100.0
-,DIS,2020-03-10,USD,111.46,2020-08-26,119.67,7.37,11.0,2020-05-18,119.67,CLOSED,7.37,27.0,41.0,100.0
-,MA,2020-03-10,USD,280.57,2020-05-19,296.76,5.77,21.0,2020-05-19,296.76,CLOSED,5.77,21.0,100.0,100.0
-,ITA,2020-03-10,USD,183.31,2020-05-08,190.73,4.05,17.0,2020-05-08,151.76,CLOSED,-17.21,-74.0,100.0,-425.0
-,RIO,2020-03-10,USD,45.8,2021-01-28,58.44,27.6,21.0,2020-06-10,58.44,CLOSED,27.6,76.0,28.0,100.0
-,ASX-BEN,2020-03-10,AUD,7.43,2020-07-26,8.61,15.88,29.0,2020-07-03,7.0,OPEN,-5.79,-13.0,83.0,-36.0
-,ASX-BOQ,2020-03-10,AUD,6.66,2020-07-06,7.12,6.91,15.0,2020-07-03,6.19,OPEN,-7.06,-15.0,97.0,-102.0
-,STW,2020-03-10,USD,55.55,2020-10-14,58.92,6.07,7.0,2020-07-03,56.12,OPEN,1.03,2.0,53.0,17.0
-,STW,2020-03-10,USD,55.55,2021-01-10,63.34,14.02,12.0,2020-07-03,56.12,OPEN,1.03,2.0,38.0,7.0
-,STW,2020-03-10,USD,55.55,2020-12-30,62.17,11.92,10.0,2020-07-03,56.12,OPEN,1.03,2.0,39.0,9.0
-,STW,2020-03-10,USD,55.55,2020-11-16,59.94,7.9,8.0,2020-07-03,56.12,OPEN,1.03,2.0,46.0,13.0
-,STW,2020-03-10,USD,55.55,2021-01-20,62.62,12.73,10.0,2020-07-03,56.12,OPEN,1.03,2.0,36.0,8.0
-,ASX-REA,2020-03-10,AUD,97.45,2020-12-18,130.68,34.1,30.0,2020-07-03,110.71,OPEN,13.61,30.0,41.0,40.0
-,ASX-REA,2020-03-10,AUD,97.45,2020-12-01,134.64,38.16,36.0,2020-07-03,110.71,OPEN,13.61,30.0,43.0,36.0
-,STW,2020-03-10,USD,55.55,2020-08-28,59.69,7.45,11.0,2020-07-03,56.12,OPEN,1.03,2.0,67.0,14.0
-,ASX-REA,2020-03-10,AUD,97.45,2021-01-11,137.05,40.64,33.0,2020-07-03,110.71,OPEN,13.61,30.0,37.0,33.0
-,ASX-REA,2020-03-10,AUD,97.45,2020-11-14,137.29,40.88,41.0,2020-07-03,110.71,OPEN,13.61,30.0,46.0,33.0
-,STW,2020-03-10,USD,55.55,2020-12-26,60.62,9.13,8.0,2020-07-03,56.12,OPEN,1.03,2.0,40.0,11.0
-,STW,2020-03-10,USD,55.55,2020-11-19,59.56,7.22,7.0,2020-07-03,56.12,OPEN,1.03,2.0,45.0,14.0
-,ASX-WBC,2020-03-10,AUD,20.54,2020-11-26,22.57,9.88,10.0,2020-07-03,18.54,OPEN,-9.74,-21.0,44.0,-99.0
-,STW,2020-03-10,USD,55.55,2020-09-03,58.69,5.65,8.0,2020-07-03,56.12,OPEN,1.03,2.0,65.0,18.0
-,ASX-BOQ,2020-03-10,AUD,6.66,2020-07-21,7.11,6.76,13.0,2020-07-03,6.19,OPEN,-7.06,-15.0,86.0,-104.0
-,ASX-BOQ,2020-03-10,AUD,6.66,2020-07-29,7.04,5.71,10.0,2020-07-03,6.19,OPEN,-7.06,-15.0,82.0,-124.0
-,2588.HK,2020-03-10,HKD,59.7,2020-07-25,71.56,19.87,37.0,2020-07-03,50.1,OPEN,-16.08,-35.0,84.0,-81.0
-,2588.HK,2020-03-10,HKD,59.7,2020-08-18,70.14,17.49,27.0,2020-07-03,50.1,OPEN,-16.08,-35.0,71.0,-92.0
-,NKE,2020-03-10,USD,88.3,2021-01-25,107.44,21.68,17.0,2020-07-02,98.43,OPEN,11.47,25.0,36.0,53.0
-,NKE,2020-03-10,USD,88.3,2021-01-29,109.67,24.2,19.0,2020-07-02,98.43,OPEN,11.47,25.0,35.0,47.0
-,XAR,2020-03-10,USD,92.11,2020-11-04,106.57,15.7,17.0,2020-07-02,86.9,OPEN,-5.66,-13.0,48.0,-36.0
-,XAR,2020-03-10,USD,92.11,2020-09-03,124.05,34.68,49.0,2020-07-02,86.9,OPEN,-5.66,-13.0,64.0,-16.0
-,DIS,2020-03-10,USD,111.46,2020-07-04,143.71,28.93,63.0,2020-07-02,112.18,OPEN,0.65,1.0,98.0,2.0
-,DIS,2020-03-10,USD,111.46,2020-07-03,146.41,31.36,69.0,2020-07-02,112.18,OPEN,0.65,1.0,99.0,2.0
-,DIS,2020-03-10,USD,111.46,2020-11-18,171.27,53.66,53.0,2020-07-02,112.18,OPEN,0.65,1.0,45.0,1.0
-,MA,2020-03-10,USD,280.57,2020-11-08,362.5,29.2,30.0,2020-07-02,302.42,OPEN,7.79,17.0,47.0,27.0
-,XAR,2020-03-10,USD,92.11,2020-08-17,102.43,11.2,18.0,2020-07-02,86.9,OPEN,-5.66,-13.0,71.0,-50.0
-,AMZN,2020-03-10,USD,1891.82,2021-02-01,3072.69,62.42,48.0,2020-07-02,2890.3,OPEN,52.78,117.0,35.0,85.0
-,KO,2020-03-10,USD,53.66,2021-02-10,59.66,11.18,8.0,2020-07-02,44.88,OPEN,-16.36,-36.0,34.0,-146.0
-,MA,2020-03-10,USD,280.57,2020-08-10,330.15,17.67,29.0,2020-07-02,302.42,OPEN,7.79,17.0,75.0,44.0
-,MA,2020-03-10,USD,280.57,2020-12-02,383.82,36.8,35.0,2020-07-02,302.42,OPEN,7.79,17.0,43.0,21.0
-,MA,2020-03-10,USD,280.57,2020-07-30,318.62,13.56,24.0,2020-07-02,302.42,OPEN,7.79,17.0,80.0,57.0
-,MA,2020-03-10,USD,280.57,2021-02-17,394.76,40.7,30.0,2020-07-02,302.42,OPEN,7.79,17.0,33.0,19.0
-,ITA,2020-03-10,USD,183.31,2021-01-10,234.11,27.71,23.0,2020-07-02,163.59,OPEN,-10.76,-24.0,37.0,-39.0
-,ITA,2020-03-10,USD,183.31,2020-10-28,202.78,10.62,12.0,2020-07-02,163.59,OPEN,-10.76,-24.0,49.0,-101.0
-,KO,2020-03-10,USD,53.66,2020-08-27,55.93,4.23,6.0,2020-07-02,44.88,OPEN,-16.36,-36.0,67.0,-387.0
-,RIO,2020-03-10,USD,45.8,2021-01-28,64.08,39.91,31.0,2020-07-02,56.29,OPEN,22.9,51.0,35.0,57.0
+,ASX-AGL,2020-03-11,AUD,18.1,2020-07-03,19.71,8.9,20.0,2020-07-03,17.59,CLOSED,-2.82,-6.0,100.0,-32.0
-,ASX-ORG,2020-03-11,AUD,6.0,2020-04-24,6.54,9.0,52.0,2020-04-24,4.84,CLOSED,-19.33,-111.0,100.0,-215.0
-,ASX-ORG,2020-03-11,AUD,6.0,2020-05-11,6.51,8.5,35.0,2020-05-11,5.58,CLOSED,-7.0,-29.0,100.0,-82.0
-,ASX-NAN,2020-03-11,AUD,5.8,2021-02-04,7.15,23.28,18.0,2020-05-26,7.15,CLOSED,23.28,77.0,23.0,100.0
-,ASX-ORG,2020-03-11,AUD,6.0,2020-05-16,6.38,6.33,24.0,2020-05-15,5.38,CLOSED,-10.33,-40.0,98.0,-163.0
-,ASX-NAN,2020-03-11,AUD,5.8,2020-05-22,6.33,9.14,32.0,2020-03-31,6.33,CLOSED,9.14,115.0,28.0,100.0
-,ASX-NAN,2020-03-11,AUD,5.8,2020-09-13,6.42,10.69,14.0,2020-03-31,6.42,CLOSED,10.69,135.0,11.0,100.0
-,ASX-AGL,2020-03-11,AUD,18.1,2020-08-13,19.3,6.63,11.0,2020-07-03,17.59,OPEN,-2.82,-6.0,74.0,-43.0
-,ASX-CTX,2020-03-11,AUD,27.53,2021-03-10,34.45,25.14,17.0,2020-05-18,25.32,OPEN,-8.03,-30.0,19.0,-32.0
-,ASX-ABP,2020-03-12,AUD,3.1,2020-06-08,3.72,20.0,57.0,2020-06-05,2.75,CLOSED,-11.29,-33.0,97.0,-56.0
+,AMZN,2020-03-13,USD,1785.0,2021-02-04,2899.2,62.42,48.0,2020-07-02,2899.2,CLOSED,62.42,142.0,34.0,100.0
+,GOOG,2020-03-13,USD,1219.73,2020-12-21,1479.78,21.32,19.0,2020-07-02,1479.78,CLOSED,21.32,48.0,39.0,100.0
-,ASX-BEN,2020-03-13,AUD,6.74,2020-07-29,7.81,15.88,29.0,2020-06-09,7.81,CLOSED,15.88,45.0,64.0,100.0
-,ASX-BOQ,2020-03-13,AUD,6.01,2020-04-16,6.64,10.48,78.0,2020-04-16,4.91,CLOSED,-18.3,-136.0,100.0,-175.0
-,ASX-BOQ,2020-03-13,AUD,6.01,2020-07-09,6.42,6.82,15.0,2020-06-09,6.42,CLOSED,6.82,20.0,75.0,100.0
-,STW,2020-03-13,USD,51.99,2020-10-17,55.14,6.06,7.0,2020-06-03,55.14,CLOSED,6.06,19.0,38.0,100.0
-,ASX-AGL,2020-03-13,AUD,17.17,2020-06-09,19.28,12.29,35.0,2020-06-09,18.05,CLOSED,5.13,15.0,100.0,42.0
-,ASX-AGL,2020-03-13,AUD,17.17,2020-06-24,19.3,12.41,30.0,2020-06-24,17.19,CLOSED,0.12,0.0,100.0,1.0
-,STW,2020-03-13,USD,51.99,2020-08-31,55.87,7.46,11.0,2020-06-04,55.87,CLOSED,7.46,23.0,49.0,100.0
-,STW,2020-03-13,USD,51.99,2020-12-29,56.74,9.14,8.0,2020-06-09,56.74,CLOSED,9.14,26.0,30.0,100.0
-,STW,2020-03-13,USD,51.99,2020-11-22,55.74,7.21,7.0,2020-06-04,55.74,CLOSED,7.21,22.0,33.0,100.0
-,ASX-BHP,2020-03-13,AUD,26.72,2020-08-19,31.16,16.62,26.0,2020-03-25,31.16,CLOSED,16.62,349.0,8.0,100.0
-,STW,2020-03-13,USD,51.99,2020-09-06,54.93,5.65,8.0,2020-05-28,54.93,CLOSED,5.65,19.0,43.0,100.0
-,ASX-REA,2020-03-13,AUD,92.88,2020-07-14,106.14,14.28,29.0,2020-06-03,106.14,CLOSED,14.28,44.0,67.0,100.0
-,ASX-REA,2020-03-13,AUD,92.88,2020-07-24,106.04,14.17,27.0,2020-06-03,106.04,CLOSED,14.17,44.0,62.0,100.0
-,ASX-BEN,2020-03-13,AUD,6.74,2020-08-17,7.26,7.72,12.0,2020-06-05,7.26,CLOSED,7.72,23.0,54.0,100.0
-,ASX-AGL,2020-03-13,AUD,17.17,2020-04-30,18.55,8.04,42.0,2020-04-30,16.96,CLOSED,-1.22,-6.0,100.0,-15.0
-,ASX-BEN,2020-03-13,AUD,6.74,2020-05-02,7.59,12.61,64.0,2020-05-01,6.01,CLOSED,-10.83,-56.0,98.0,-86.0
-,ASX-ABP,2020-03-13,AUD,3.05,2020-06-09,3.66,20.0,57.0,2020-06-09,2.81,CLOSED,-7.87,-23.0,100.0,-39.0
-,ASX-BOQ,2020-03-13,AUD,6.01,2020-07-24,6.41,6.66,13.0,2020-06-09,6.41,CLOSED,6.66,19.0,66.0,100.0
-,STW,2020-03-13,USD,51.99,2020-05-24,53.48,2.87,10.0,2020-05-22,51.0,CLOSED,-1.9,-7.0,97.0,-66.0
-,ASX-NAN,2020-03-13,AUD,6.04,2020-05-24,6.59,9.11,32.0,2020-04-02,6.59,CLOSED,9.11,115.0,28.0,100.0
-,ASX-BOQ,2020-03-13,AUD,6.01,2020-05-10,6.3,4.83,21.0,2020-05-08,4.83,CLOSED,-19.63,-88.0,97.0,-407.0
-,ASX-BEN,2020-03-13,AUD,6.74,2020-05-09,7.19,6.68,30.0,2020-05-08,5.89,CLOSED,-12.61,-57.0,98.0,-189.0
-,ASX-NAN,2020-03-13,AUD,6.04,2020-09-15,6.69,10.76,15.0,2020-04-17,6.69,CLOSED,10.76,77.0,19.0,100.0
-,ASX-BOQ,2020-03-13,AUD,6.01,2020-08-01,6.35,5.66,10.0,2020-06-09,6.35,CLOSED,5.66,16.0,62.0,100.0
-,ASX-BOQ,2020-03-13,AUD,6.01,2020-06-21,6.23,3.66,9.0,2020-06-05,6.23,CLOSED,3.66,11.0,84.0,100.0
-,STW,2020-03-13,USD,51.99,2020-04-26,53.07,2.08,12.0,2020-04-24,48.59,CLOSED,-6.54,-39.0,95.0,-315.0
-,STW,2020-03-13,USD,51.99,2020-07-29,52.54,1.06,2.0,2020-05-26,52.54,CLOSED,1.06,4.0,54.0,100.0
-,STW,2020-03-13,USD,51.99,2020-06-03,53.27,2.46,8.0,2020-05-26,53.27,CLOSED,2.46,8.0,90.0,100.0
-,NKE,2020-03-13,USD,75.58,2021-01-28,91.97,21.69,17.0,2020-05-19,91.97,CLOSED,21.69,82.0,21.0,100.0
-,NKE,2020-03-13,USD,75.58,2021-02-01,93.87,24.2,19.0,2020-05-21,93.87,CLOSED,24.2,88.0,21.0,100.0
-,XAR,2020-03-13,USD,80.63,2020-11-07,93.29,15.7,17.0,2020-06-03,93.29,CLOSED,15.7,48.0,34.0,100.0
-,LULU,2020-03-13,USD,176.75,2021-03-07,262.65,48.6,34.0,2020-05-21,262.65,CLOSED,48.6,177.0,19.0,100.0
-,LMT,2020-03-13,USD,328.59,2020-04-30,365.52,11.24,59.0,2020-04-06,365.52,CLOSED,11.24,118.0,50.0,100.0
-,LMT,2020-03-13,USD,328.59,2020-05-31,370.58,12.78,41.0,2020-04-07,370.58,CLOSED,12.78,129.0,32.0,100.0
-,LMT,2020-03-13,USD,328.59,2020-05-28,375.35,14.23,47.0,2020-04-07,375.35,CLOSED,14.23,143.0,33.0,100.0
-,NKE,2020-03-13,USD,75.58,2020-05-03,79.32,4.95,24.0,2020-03-25,79.32,CLOSED,4.95,104.0,24.0,100.0
-,NKE,2020-03-13,USD,75.58,2020-05-31,80.61,6.66,21.0,2020-03-25,80.61,CLOSED,6.66,140.0,15.0,100.0
-,NKE,2020-03-13,USD,75.58,2020-07-23,82.5,9.16,17.0,2020-03-25,82.5,CLOSED,9.16,192.0,9.0,100.0
-,NKE,2020-03-13,USD,75.58,2020-05-18,84.08,11.25,43.0,2020-03-26,84.08,CLOSED,11.25,218.0,20.0,100.0
-,NKE,2020-03-13,USD,75.58,2020-07-26,85.79,13.51,25.0,2020-03-26,85.79,CLOSED,13.51,262.0,10.0,100.0
-,NKE,2020-03-13,USD,75.58,2020-12-10,104.01,37.62,35.0,2020-06-03,104.01,CLOSED,37.62,116.0,30.0,100.0
-,NKE,2020-03-13,USD,75.58,2020-11-28,103.76,37.28,36.0,2020-06-03,103.76,CLOSED,37.28,115.0,32.0,100.0
-,XAR,2020-03-13,USD,80.63,2020-06-10,94.85,17.64,50.0,2020-06-04,94.85,CLOSED,17.64,54.0,93.0,100.0
-,XAR,2020-03-13,USD,80.63,2020-05-24,96.05,19.12,67.0,2020-05-22,80.85,CLOSED,0.27,1.0,97.0,1.0
-,XAR,2020-03-13,USD,80.63,2020-04-09,87.67,8.73,81.0,2020-04-09,80.7,CLOSED,0.09,1.0,100.0,1.0
-,XAR,2020-03-13,USD,80.63,2020-05-20,98.74,22.46,83.0,2020-05-20,79.77,CLOSED,-1.07,-4.0,100.0,-5.0
-,LULU,2020-03-13,USD,176.75,2020-04-26,194.3,9.93,57.0,2020-03-24,194.3,CLOSED,9.93,227.0,25.0,100.0
-,FB,2020-03-13,USD,170.28,2020-05-09,189.67,11.39,50.0,2020-04-24,189.67,CLOSED,11.39,68.0,74.0,100.0
-,FB,2020-03-13,USD,170.28,2020-05-31,213.89,25.61,82.0,2020-05-11,213.89,CLOSED,25.61,109.0,75.0,100.0
-,DIS,2020-03-13,USD,102.52,2020-04-26,113.27,10.49,60.0,2020-04-24,101.19,CLOSED,-1.3,-8.0,95.0,-12.0
-,JNJ,2020-03-13,USD,134.29,2021-02-04,151.09,12.51,10.0,2020-04-17,151.09,CLOSED,12.51,90.0,11.0,100.0
-,XAR,2020-03-13,USD,80.63,2020-08-20,89.66,11.2,18.0,2020-05-28,89.66,CLOSED,11.2,37.0,48.0,100.0
-,V,2020-03-13,USD,175.83,2020-07-01,197.0,12.04,28.0,2020-05-28,197.0,CLOSED,12.04,40.0,69.0,100.0
-,LMT,2020-03-13,USD,328.59,2020-12-21,369.8,12.54,11.0,2020-04-06,369.8,CLOSED,12.54,132.0,8.0,100.0
-,LULU,2020-03-13,USD,176.75,2021-02-27,274.21,55.14,40.0,2020-05-22,274.21,CLOSED,55.14,199.0,20.0,100.0
-,IXN,2020-03-13,USD,189.85,2020-12-23,214.47,12.97,11.0,2020-05-11,214.47,CLOSED,12.97,55.0,21.0,100.0
-,DIS,2020-03-13,USD,102.52,2020-06-04,113.39,10.6,32.0,2020-05-18,113.39,CLOSED,10.6,40.0,80.0,100.0
-,DIS,2020-03-13,USD,102.52,2021-02-10,115.61,12.77,10.0,2020-05-18,115.61,CLOSED,12.77,49.0,20.0,100.0
-,MA,2020-03-13,USD,270.01,2020-08-02,306.62,13.56,24.0,2020-05-28,306.62,CLOSED,13.56,45.0,54.0,100.0
-,LMT,2020-03-13,USD,328.59,2021-03-09,381.23,16.02,11.0,2020-04-07,381.23,CLOSED,16.02,161.0,7.0,100.0
-,AMZN,2020-03-13,USD,1785.0,2021-01-11,2643.23,48.08,40.0,2020-06-10,2643.23,CLOSED,48.08,136.0,29.0,100.0
-,V,2020-03-13,USD,175.83,2020-05-20,186.19,5.89,22.0,2020-05-18,186.19,CLOSED,5.89,22.0,97.0,100.0
-,IXN,2020-03-13,USD,189.85,2020-11-29,214.59,13.03,13.0,2020-05-11,214.59,CLOSED,13.03,56.0,23.0,100.0
-,NKE,2020-03-13,USD,75.58,2020-07-16,83.36,10.29,21.0,2020-03-25,83.36,CLOSED,10.29,216.0,10.0,100.0
-,GOOG,2020-03-13,USD,1219.73,2020-06-15,1350.24,10.7,29.0,2020-04-29,1350.24,CLOSED,10.7,57.0,50.0,100.0
-,LMT,2020-03-13,USD,328.59,2020-07-26,354.02,7.74,14.0,2020-03-27,354.02,CLOSED,7.74,139.0,10.0,100.0
-,JNJ,2020-03-13,USD,134.29,2020-07-30,142.55,6.15,11.0,2020-04-08,142.55,CLOSED,6.15,60.0,19.0,100.0
-,GOOG,2020-03-13,USD,1219.73,2020-06-26,1337.8,9.68,23.0,2020-04-29,1337.8,CLOSED,9.68,52.0,45.0,100.0
-,MCD,2020-03-13,USD,177.13,2020-07-15,189.9,7.21,15.0,2020-04-28,189.9,CLOSED,7.21,39.0,37.0,100.0
-,XAR,2020-03-13,USD,80.63,2020-08-06,86.45,7.22,12.0,2020-05-27,86.45,CLOSED,7.22,24.0,51.0,100.0
-,LMT,2020-03-13,USD,328.59,2020-08-06,357.24,8.72,15.0,2020-03-27,357.24,CLOSED,8.72,157.0,10.0,100.0
-,XAR,2020-03-13,USD,80.63,2020-08-09,88.09,9.25,16.0,2020-05-27,88.09,CLOSED,9.25,31.0,50.0,100.0
-,NKE,2020-03-13,USD,75.58,2020-07-19,82.01,8.51,17.0,2020-03-25,82.01,CLOSED,8.51,179.0,9.0,100.0
-,NKE,2020-03-13,USD,75.58,2020-05-27,80.02,5.87,20.0,2020-03-25,80.02,CLOSED,5.87,123.0,16.0,100.0
-,QQQ,2020-03-13,USD,192.34,2021-03-03,208.54,8.42,6.0,2020-04-14,208.54,CLOSED,8.42,66.0,9.0,100.0
-,HSBC,2020-03-13,USD,29.9,2020-05-15,31.64,5.82,23.0,2020-05-15,24.33,CLOSED,-18.63,-75.0,100.0,-320.0
-,DIS,2020-03-13,USD,102.52,2020-10-02,110.76,8.04,10.0,2020-04-29,110.76,CLOSED,8.04,43.0,23.0,100.0
-,LMT,2020-03-13,USD,328.59,2020-05-10,350.18,6.57,29.0,2020-03-26,350.18,CLOSED,6.57,127.0,22.0,100.0
-,ITA,2020-03-13,USD,157.38,2020-10-31,174.09,10.62,12.0,2020-06-03,174.09,CLOSED,10.62,33.0,35.0,100.0
-,MCD,2020-03-13,USD,177.13,2020-07-22,188.13,6.21,12.0,2020-04-27,188.13,CLOSED,6.21,35.0,34.0,100.0
-,NKE,2020-03-13,USD,75.58,2020-05-25,79.64,5.37,19.0,2020-03-25,79.64,CLOSED,5.37,113.0,16.0,100.0
-,LMT,2020-03-13,USD,328.59,2020-05-08,345.35,5.1,23.0,2020-03-26,345.35,CLOSED,5.1,99.0,23.0,100.0
-,MA,2020-03-13,USD,270.01,2020-05-17,280.08,3.73,14.0,2020-04-07,280.08,CLOSED,3.73,38.0,38.0,100.0
-,GOOG,2020-03-13,USD,1219.73,2020-05-13,1292.18,5.94,25.0,2020-04-17,1292.18,CLOSED,5.94,43.0,57.0,100.0
-,LMT,2020-03-13,USD,328.59,2020-05-05,340.88,3.74,18.0,2020-03-26,340.88,CLOSED,3.74,72.0,25.0,100.0
-,QQQ,2020-03-13,USD,192.34,2021-01-23,210.48,9.43,8.0,2020-04-14,210.48,CLOSED,9.43,74.0,10.0,100.0
-,MSFT,2020-03-13,USD,158.83,2020-08-05,170.84,7.56,13.0,2020-04-14,170.84,CLOSED,7.56,60.0,22.0,100.0
-,BA,2020-03-13,USD,170.2,2021-02-05,225.94,32.75,25.0,2020-06-08,225.94,CLOSED,32.75,95.0,26.0,100.0
-,JNJ,2020-03-13,USD,134.29,2020-05-26,140.12,4.34,15.0,2020-04-06,140.12,CLOSED,4.34,46.0,32.0,100.0
-,DIS,2020-03-13,USD,102.52,2020-08-29,110.08,7.37,11.0,2020-04-29,110.08,CLOSED,7.37,40.0,28.0,100.0
-,MA,2020-03-13,USD,270.01,2020-05-22,285.59,5.77,21.0,2020-05-18,285.59,CLOSED,5.77,22.0,94.0,100.0
-,MCD,2020-03-13,USD,177.13,2020-05-27,180.48,1.89,6.0,2020-04-07,180.48,CLOSED,1.89,19.0,33.0,100.0
-,ITA,2020-03-13,USD,157.38,2020-05-11,163.75,4.05,17.0,2020-05-11,149.57,CLOSED,-4.96,-21.0,100.0,-123.0
-,LMT,2020-03-13,USD,328.59,2020-04-30,361.02,9.87,52.0,2020-03-27,361.02,CLOSED,9.87,178.0,29.0,100.0
-,STW,2020-03-13,USD,51.99,2021-01-13,59.28,14.02,12.0,2020-07-03,56.12,OPEN,7.94,18.0,37.0,57.0
-,STW,2020-03-13,USD,51.99,2021-01-02,58.19,11.93,10.0,2020-07-03,56.12,OPEN,7.94,18.0,38.0,67.0
-,ASX-REA,2020-03-13,AUD,92.88,2020-12-21,124.55,34.1,30.0,2020-07-03,110.71,OPEN,19.2,43.0,40.0,56.0
-,ASX-REA,2020-03-13,AUD,92.88,2020-12-04,128.32,38.16,36.0,2020-07-03,110.71,OPEN,19.2,43.0,42.0,50.0
-,ASX-REA,2020-03-13,AUD,92.88,2021-01-14,130.63,40.64,33.0,2020-07-03,110.71,OPEN,19.2,43.0,36.0,47.0
-,ASX-REA,2020-03-13,AUD,92.88,2020-11-17,130.85,40.88,41.0,2020-07-03,110.71,OPEN,19.2,43.0,45.0,47.0
-,ASX-AGL,2020-03-13,AUD,17.17,2020-07-05,18.69,8.85,20.0,2020-07-03,17.59,OPEN,2.45,6.0,98.0,28.0
-,ASX-AGL,2020-03-13,AUD,17.17,2020-07-10,18.73,9.09,19.0,2020-07-03,17.59,OPEN,2.45,6.0,94.0,27.0
-,ASX-AGL,2020-03-13,AUD,17.17,2020-08-15,18.31,6.64,11.0,2020-07-03,17.59,OPEN,2.45,6.0,72.0,37.0
-,ASX-NAN,2020-03-13,AUD,6.04,2021-02-06,7.45,23.34,18.0,2020-07-03,6.88,OPEN,13.91,31.0,34.0,60.0
-,0175.HK,2020-03-13,HKD,12.86,2021-01-04,17.34,34.84,30.0,2020-07-03,14.16,OPEN,10.11,23.0,38.0,29.0
-,V,2020-03-13,USD,175.83,2020-08-28,207.67,18.11,27.0,2020-07-02,195.67,OPEN,11.28,26.0,66.0,62.0
-,LMT,2020-03-13,USD,328.59,2020-11-01,427.0,29.95,32.0,2020-07-02,362.0,OPEN,10.17,23.0,48.0,34.0
-,XAR,2020-03-13,USD,80.63,2020-09-06,108.59,34.68,49.0,2020-07-02,86.9,OPEN,7.78,18.0,63.0,22.0
-,FB,2020-03-13,USD,170.28,2020-08-17,246.17,44.57,72.0,2020-07-02,233.42,OPEN,37.08,84.0,71.0,83.0
-,DIS,2020-03-13,USD,102.52,2020-07-07,132.18,28.93,63.0,2020-07-02,112.18,OPEN,9.42,21.0,96.0,33.0
-,DIS,2020-03-13,USD,102.52,2020-07-06,134.67,31.36,69.0,2020-07-02,112.18,OPEN,9.42,21.0,97.0,30.0
-,DIS,2020-03-13,USD,102.52,2020-11-21,157.53,53.66,53.0,2020-07-02,112.18,OPEN,9.42,21.0,44.0,18.0
-,MA,2020-03-13,USD,270.01,2020-11-11,348.85,29.2,30.0,2020-07-02,302.42,OPEN,12.0,27.0,46.0,41.0
-,DLR,2020-03-13,USD,143.34,2020-11-11,158.82,10.8,11.0,2020-07-02,148.59,OPEN,3.66,8.0,46.0,34.0
-,GOOG,2020-03-13,USD,1219.73,2021-01-09,1516.12,24.3,20.0,2020-07-02,1464.7,OPEN,20.08,46.0,37.0,83.0
-,KO,2020-03-13,USD,48.47,2021-02-13,53.89,11.18,8.0,2020-07-02,44.88,OPEN,-7.41,-17.0,33.0,-66.0
-,MA,2020-03-13,USD,270.01,2020-08-13,317.72,17.67,29.0,2020-07-02,302.42,OPEN,12.0,27.0,73.0,68.0
-,MA,2020-03-13,USD,270.01,2020-12-05,369.37,36.8,35.0,2020-07-02,302.42,OPEN,12.0,27.0,42.0,33.0
-,MA,2020-03-13,USD,270.01,2021-02-20,379.9,40.7,30.0,2020-07-02,302.42,OPEN,12.0,27.0,32.0,29.0
-,MCD,2020-03-13,USD,177.13,2021-01-16,209.78,18.43,15.0,2020-07-02,183.52,OPEN,3.61,8.0,36.0,20.0
-,ITA,2020-03-13,USD,157.38,2021-01-13,200.99,27.71,23.0,2020-07-02,163.59,OPEN,3.95,9.0,36.0,14.0
-,MCD,2020-03-13,USD,177.13,2021-02-20,202.9,14.55,11.0,2020-07-02,183.52,OPEN,3.61,8.0,32.0,25.0
-,KO,2020-03-13,USD,48.47,2020-08-30,50.52,4.23,6.0,2020-07-02,44.88,OPEN,-7.41,-17.0,65.0,-175.0
-,0386.HK,2020-03-16,HKD,3.72,2021-03-15,4.81,29.3,20.0,2020-07-03,3.38,OPEN,-9.14,-21.0,30.0,-31.0
-,ASX-BEN,2020-03-17,AUD,6.4,2020-08-02,7.42,15.94,29.0,2020-06-09,7.42,CLOSED,15.94,48.0,61.0,100.0
-,ASX-BOQ,2020-03-17,AUD,5.48,2020-04-20,6.05,10.4,77.0,2020-04-20,4.89,CLOSED,-10.77,-80.0,100.0,-104.0
-,ASX-BOQ,2020-03-17,AUD,5.48,2020-07-13,5.86,6.93,15.0,2020-06-05,5.86,CLOSED,6.93,22.0,68.0,100.0
-,STW,2020-03-17,USD,49.54,2020-10-21,52.54,6.06,7.0,2020-05-26,52.54,CLOSED,6.06,22.0,32.0,100.0
-,STW,2020-03-17,USD,49.54,2021-01-17,56.49,14.03,12.0,2020-06-09,56.49,CLOSED,14.03,42.0,27.0,100.0
-,STW,2020-03-17,USD,49.54,2021-01-06,55.45,11.93,10.0,2020-06-04,55.45,CLOSED,11.93,38.0,27.0,100.0
-,ASX-AGL,2020-03-17,AUD,16.72,2020-06-13,18.78,12.32,35.0,2020-06-12,17.46,CLOSED,4.43,13.0,99.0,36.0
-,ASX-AGL,2020-03-17,AUD,16.72,2020-06-28,18.79,12.38,30.0,2020-06-26,16.9,CLOSED,1.08,3.0,98.0,9.0
-,ASX-REA,2020-03-17,AUD,82.39,2020-12-25,110.48,34.09,30.0,2020-06-22,110.48,CLOSED,34.09,89.0,34.0,100.0
-,STW,2020-03-17,USD,49.54,2020-09-04,53.24,7.47,11.0,2020-05-26,53.24,CLOSED,7.47,27.0,41.0,100.0
-,ASX-AGL,2020-03-17,AUD,16.72,2020-07-09,18.2,8.85,20.0,2020-06-10,18.2,CLOSED,8.85,26.0,75.0,100.0
-,STW,2020-03-17,USD,49.54,2021-01-02,54.06,9.12,8.0,2020-05-27,54.06,CLOSED,9.12,32.0,24.0,100.0
-,STW,2020-03-17,USD,49.54,2020-11-26,53.12,7.23,7.0,2020-05-26,53.12,CLOSED,7.23,26.0,28.0,100.0
-,ASX-BHP,2020-03-17,AUD,28.21,2020-08-23,32.89,16.59,26.0,2020-05-18,32.89,CLOSED,16.59,67.0,39.0,100.0
-,STW,2020-03-17,USD,49.54,2020-09-10,52.34,5.65,8.0,2020-05-26,52.34,CLOSED,5.65,20.0,40.0,100.0
-,ASX-REA,2020-03-17,AUD,82.39,2020-07-18,94.16,14.29,29.0,2020-05-08,94.16,CLOSED,14.29,69.0,42.0,100.0
-,ASX-AGL,2020-03-17,AUD,16.72,2020-08-19,17.83,6.64,11.0,2020-03-31,17.83,CLOSED,6.64,120.0,9.0,100.0
-,ASX-REA,2020-03-17,AUD,82.39,2020-07-28,94.06,14.16,27.0,2020-05-08,94.06,CLOSED,14.16,69.0,39.0,100.0
-,ASX-BEN,2020-03-17,AUD,6.4,2020-08-21,6.89,7.66,12.0,2020-06-04,6.89,CLOSED,7.66,24.0,50.0,100.0
-,ASX-AGL,2020-03-17,AUD,16.72,2020-05-04,18.07,8.07,42.0,2020-04-03,18.07,CLOSED,8.07,120.0,35.0,100.0
-,ASX-BEN,2020-03-17,AUD,6.4,2020-05-06,7.21,12.66,64.0,2020-05-06,6.01,CLOSED,-6.09,-31.0,100.0,-48.0
-,ASX-ABP,2020-03-17,AUD,2.65,2020-06-13,3.18,20.0,57.0,2020-06-12,2.63,CLOSED,-0.75,-2.0,99.0,-4.0
-,ASX-BOQ,2020-03-17,AUD,5.48,2020-07-28,5.85,6.75,13.0,2020-06-05,5.85,CLOSED,6.75,21.0,60.0,100.0
-,STW,2020-03-17,USD,49.54,2020-05-28,50.96,2.87,10.0,2020-04-15,50.96,CLOSED,2.87,25.0,40.0,100.0
-,ASX-BOQ,2020-03-17,AUD,5.48,2020-05-14,5.74,4.74,21.0,2020-03-19,5.74,CLOSED,4.74,597.0,3.0,100.0
-,ASX-BEN,2020-03-17,AUD,6.4,2020-05-13,6.83,6.72,30.0,2020-03-31,6.83,CLOSED,6.72,121.0,25.0,100.0
-,ASX-BOQ,2020-03-17,AUD,5.48,2020-08-05,5.79,5.66,10.0,2020-03-19,5.79,CLOSED,5.66,713.0,1.0,100.0
-,ASX-BOQ,2020-03-17,AUD,5.48,2020-06-25,5.68,3.65,9.0,2020-03-19,5.68,CLOSED,3.65,460.0,2.0,100.0
-,STW,2020-03-17,USD,49.54,2020-04-30,50.57,2.08,12.0,2020-04-14,50.57,CLOSED,2.08,19.0,64.0,100.0
-,STW,2020-03-17,USD,49.54,2020-08-02,50.06,1.05,2.0,2020-04-07,50.06,CLOSED,1.05,13.0,15.0,100.0
-,STW,2020-03-17,USD,49.54,2020-06-07,50.76,2.46,8.0,2020-04-14,50.76,CLOSED,2.46,22.0,34.0,100.0
-,0388.HK,2020-03-17,HKD,231.2,2020-12-27,273.56,18.32,16.0,2020-05-21,273.56,CLOSED,18.32,71.0,23.0,100.0
-,NKE,2020-03-17,USD,69.84,2021-02-01,84.98,21.68,17.0,2020-03-26,84.98,CLOSED,21.68,607.0,3.0,100.0
-,NKE,2020-03-17,USD,69.84,2021-02-05,86.74,24.2,19.0,2020-03-26,86.74,CLOSED,24.2,678.0,3.0,100.0
-,XAR,2020-03-17,USD,73.49,2020-11-11,85.03,15.7,17.0,2020-05-26,85.03,CLOSED,15.7,57.0,29.0,100.0
-,LULU,2020-03-17,USD,144.88,2021-03-11,215.29,48.6,34.0,2020-04-17,215.29,CLOSED,48.6,395.0,9.0,100.0
-,NKE,2020-03-17,USD,69.84,2020-05-07,73.3,4.95,24.0,2020-03-20,73.3,CLOSED,4.95,416.0,6.0,100.0
-,NKE,2020-03-17,USD,69.84,2020-06-04,74.49,6.66,21.0,2020-03-25,74.49,CLOSED,6.66,210.0,10.0,100.0
-,NKE,2020-03-17,USD,69.84,2020-07-27,76.24,9.16,17.0,2020-03-25,76.24,CLOSED,9.16,289.0,6.0,100.0
-,NKE,2020-03-17,USD,69.84,2020-05-22,77.69,11.24,43.0,2020-03-25,77.69,CLOSED,11.24,354.0,12.0,100.0
-,NKE,2020-03-17,USD,69.84,2020-07-30,79.28,13.52,25.0,2020-03-25,79.28,CLOSED,13.52,426.0,6.0,100.0
-,NKE,2020-03-17,USD,69.84,2020-12-14,96.11,37.61,35.0,2020-05-26,96.11,CLOSED,37.61,135.0,26.0,100.0
-,NKE,2020-03-17,USD,69.84,2020-12-02,95.88,37.29,36.0,2020-05-26,95.88,CLOSED,37.29,134.0,27.0,100.0
-,XAR,2020-03-17,USD,73.49,2020-06-14,86.45,17.64,50.0,2020-05-27,86.45,CLOSED,17.64,63.0,80.0,100.0
-,XAR,2020-03-17,USD,73.49,2020-05-28,87.55,19.13,67.0,2020-05-27,87.55,CLOSED,19.13,68.0,99.0,100.0
-,XAR,2020-03-17,USD,73.49,2020-04-13,79.91,8.74,82.0,2020-03-26,79.91,CLOSED,8.74,245.0,33.0,100.0
-,XAR,2020-03-17,USD,73.49,2020-05-24,90.0,22.47,83.0,2020-05-22,80.85,CLOSED,10.01,38.0,97.0,45.0
-,XAR,2020-03-17,USD,73.49,2020-09-10,98.98,34.68,49.0,2020-06-05,98.98,CLOSED,34.68,109.0,45.0,100.0
-,LULU,2020-03-17,USD,144.88,2020-04-30,159.27,9.93,57.0,2020-03-19,159.27,CLOSED,9.93,1251.0,5.0,100.0
-,IXN,2020-03-17,USD,174.11,2020-12-05,230.03,32.12,31.0,2020-06-05,230.03,CLOSED,32.12,101.0,30.0,100.0
-,XAR,2020-03-17,USD,73.49,2020-08-24,81.72,11.2,18.0,2020-03-26,81.72,CLOSED,11.2,314.0,6.0,100.0
-,LULU,2020-03-17,USD,144.88,2021-03-03,224.77,55.14,40.0,2020-04-17,224.77,CLOSED,55.14,448.0,9.0,100.0
-,NKE,2020-03-17,USD,69.84,2020-07-20,77.03,10.29,21.0,2020-03-25,77.03,CLOSED,10.29,324.0,6.0,100.0
-,ITA,2020-03-17,USD,137.05,2020-04-25,155.46,13.43,87.0,2020-03-26,155.46,CLOSED,13.43,376.0,23.0,100.0
-,XAR,2020-03-17,USD,73.49,2020-08-10,78.8,7.23,12.0,2020-03-26,78.8,CLOSED,7.23,202.0,6.0,100.0
-,ITA,2020-03-17,USD,137.05,2021-01-17,175.03,27.71,23.0,2020-06-03,175.03,CLOSED,27.71,90.0,25.0,100.0
-,XAR,2020-03-17,USD,73.49,2020-08-13,80.29,9.25,16.0,2020-03-26,80.29,CLOSED,9.25,259.0,6.0,100.0
-,NKE,2020-03-17,USD,69.84,2020-07-23,75.78,8.51,17.0,2020-03-25,75.78,CLOSED,8.51,268.0,6.0,100.0
-,NKE,2020-03-17,USD,69.84,2020-05-31,73.95,5.88,20.0,2020-03-20,73.95,CLOSED,5.88,494.0,4.0,100.0
-,ITA,2020-03-17,USD,137.05,2020-11-04,151.6,10.62,12.0,2020-03-26,151.6,CLOSED,10.62,297.0,4.0,100.0
-,NKE,2020-03-17,USD,69.84,2020-05-29,73.59,5.37,19.0,2020-03-20,73.59,CLOSED,5.37,451.0,4.0,100.0
-,ITA,2020-03-17,USD,137.05,2021-02-16,187.48,36.8,28.0,2020-06-05,187.48,CLOSED,36.8,116.0,24.0,100.0
-,QQQ,2020-03-17,USD,182.14,2020-06-12,207.88,14.13,41.0,2020-04-14,207.88,CLOSED,14.13,127.0,32.0,100.0
-,QQQ,2020-03-17,USD,182.14,2020-05-21,198.2,8.82,34.0,2020-04-07,198.2,CLOSED,8.82,106.0,32.0,100.0
-,KO,2020-03-17,USD,47.18,2020-09-03,49.18,4.24,6.0,2020-04-09,49.18,CLOSED,4.24,46.0,14.0,100.0
-,ITA,2020-03-17,USD,137.05,2020-05-15,142.6,4.05,17.0,2020-03-25,142.6,CLOSED,4.05,128.0,14.0,100.0
-,ASX-REA,2020-03-17,AUD,82.39,2020-12-08,113.83,38.16,36.0,2020-07-03,110.71,OPEN,34.37,80.0,41.0,90.0
-,ASX-REA,2020-03-17,AUD,82.39,2021-01-18,115.87,40.64,33.0,2020-07-03,110.71,OPEN,34.37,80.0,35.0,85.0
-,ASX-REA,2020-03-17,AUD,82.39,2020-11-21,116.07,40.88,41.0,2020-07-03,110.71,OPEN,34.37,80.0,43.0,84.0
-,ASX-AGL,2020-03-17,AUD,16.72,2020-07-14,18.23,9.03,19.0,2020-07-03,17.59,OPEN,5.2,12.0,91.0,58.0
-,KO,2020-03-17,USD,47.18,2021-02-17,52.45,11.17,8.0,2020-07-02,44.88,OPEN,-4.87,-11.0,32.0,-44.0
-,FB,2020-03-18,USD,146.96,2020-05-14,163.7,11.39,50.0,2020-03-26,163.7,CLOSED,11.39,359.0,14.0,100.0
-,FB,2020-03-18,USD,146.96,2020-06-05,184.6,25.61,82.0,2020-04-22,184.6,CLOSED,25.61,184.0,44.0,100.0
-,FB,2020-03-18,USD,146.96,2020-08-22,212.46,44.57,72.0,2020-05-08,212.46,CLOSED,44.57,220.0,32.0,100.0
-,ASX-BOQ,2020-03-19,AUD,5.48,2020-04-22,6.05,10.4,77.0,2020-04-22,4.69,CLOSED,-14.42,-107.0,100.0,-139.0
-,ASX-BOQ,2020-03-19,AUD,5.48,2020-07-15,5.86,6.93,15.0,2020-06-05,5.86,CLOSED,6.93,22.0,66.0,100.0
-,ASX-CCL,2020-03-19,AUD,8.92,2020-06-30,9.64,8.07,20.0,2020-04-01,9.64,CLOSED,8.07,156.0,13.0,100.0
-,ASX-CCL,2020-03-19,AUD,8.92,2020-05-27,9.59,7.51,27.0,2020-04-01,9.59,CLOSED,7.51,146.0,19.0,100.0
-,ASX-BOQ,2020-03-19,AUD,5.48,2020-07-30,5.85,6.75,13.0,2020-06-05,5.85,CLOSED,6.75,22.0,59.0,100.0
-,ASX-BOQ,2020-03-19,AUD,5.48,2020-05-16,5.74,4.74,21.0,2020-05-15,4.72,CLOSED,-13.87,-61.0,98.0,-292.0
-,ASX-BOQ,2020-03-19,AUD,5.48,2020-08-07,5.79,5.66,10.0,2020-06-04,5.79,CLOSED,5.66,19.0,55.0,100.0
-,ASX-BOQ,2020-03-19,AUD,5.48,2020-06-27,5.68,3.65,9.0,2020-03-20,5.68,CLOSED,3.65,920.0,1.0,100.0
-,1038.HK,2020-03-19,HKD,38.85,2020-07-29,43.66,12.38,24.0,2020-04-06,43.66,CLOSED,12.38,173.0,14.0,100.0
-,1038.HK,2020-03-19,HKD,38.85,2020-10-29,46.75,20.33,23.0,2020-04-07,46.75,CLOSED,20.33,270.0,8.0,100.0
-,2282.HK,2020-03-19,HKD,7.64,2020-05-12,9.12,19.37,90.0,2020-04-09,9.12,CLOSED,19.37,232.0,39.0,100.0
-,2282.HK,2020-03-19,HKD,7.64,2020-06-15,9.26,21.2,61.0,2020-04-15,9.26,CLOSED,21.2,198.0,31.0,100.0
-,1038.HK,2020-03-19,HKD,38.85,2020-07-09,41.03,5.61,13.0,2020-03-31,41.03,CLOSED,5.61,118.0,11.0,100.0
-,NKE,2020-03-19,USD,70.34,2021-02-03,85.59,21.68,17.0,2020-03-26,85.59,CLOSED,21.68,780.0,2.0,100.0
-,NKE,2020-03-19,USD,70.34,2021-02-07,87.36,24.2,19.0,2020-04-07,87.36,CLOSED,24.2,321.0,6.0,100.0
-,TSLA,2020-03-19,USD,427.64,2020-11-05,621.83,45.41,50.0,2020-04-13,621.83,CLOSED,45.41,458.0,11.0,100.0
-,XAR,2020-03-19,USD,68.35,2020-11-13,79.08,15.7,17.0,2020-03-26,79.08,CLOSED,15.7,565.0,3.0,100.0
-,LULU,2020-03-19,USD,154.86,2021-03-13,230.12,48.6,34.0,2020-04-28,230.12,CLOSED,48.6,306.0,11.0,100.0
-,NKE,2020-03-19,USD,70.34,2020-05-09,73.82,4.95,24.0,2020-03-20,73.82,CLOSED,4.95,1247.0,2.0,100.0
-,NKE,2020-03-19,USD,70.34,2020-06-06,75.02,6.65,21.0,2020-03-25,75.02,CLOSED,6.65,279.0,8.0,100.0
-,NKE,2020-03-19,USD,70.34,2020-07-29,76.78,9.16,17.0,2020-03-25,76.78,CLOSED,9.16,385.0,5.0,100.0
-,NKE,2020-03-19,USD,70.34,2020-05-24,78.25,11.25,43.0,2020-03-25,78.25,CLOSED,11.25,472.0,9.0,100.0
-,NKE,2020-03-19,USD,70.34,2020-08-01,79.84,13.51,25.0,2020-03-25,79.84,CLOSED,13.51,567.0,4.0,100.0
-,NKE,2020-03-19,USD,70.34,2020-12-16,96.8,37.62,35.0,2020-05-26,96.8,CLOSED,37.62,139.0,25.0,100.0
-,NKE,2020-03-19,USD,70.34,2020-12-04,96.57,37.29,36.0,2020-05-26,96.57,CLOSED,37.29,138.0,26.0,100.0
-,XAR,2020-03-19,USD,68.35,2020-06-16,80.4,17.63,50.0,2020-03-26,80.4,CLOSED,17.63,635.0,8.0,100.0
-,XAR,2020-03-19,USD,68.35,2020-05-30,81.43,19.14,67.0,2020-03-26,81.43,CLOSED,19.14,689.0,10.0,100.0
-,XAR,2020-03-19,USD,68.35,2020-04-15,74.32,8.73,81.0,2020-03-25,74.32,CLOSED,8.73,367.0,22.0,100.0
-,XAR,2020-03-19,USD,68.35,2020-05-26,83.7,22.46,83.0,2020-04-29,83.7,CLOSED,22.46,138.0,60.0,100.0
-,XAR,2020-03-19,USD,68.35,2020-09-12,92.05,34.67,49.0,2020-06-03,92.05,CLOSED,34.67,115.0,43.0,100.0
-,LULU,2020-03-19,USD,154.86,2020-05-02,170.24,9.93,57.0,2020-03-20,170.24,CLOSED,9.93,2502.0,2.0,100.0
-,FB,2020-03-19,USD,153.13,2020-05-15,170.57,11.39,50.0,2020-03-31,170.57,CLOSED,11.39,239.0,21.0,100.0
-,FB,2020-03-19,USD,153.13,2020-06-06,192.35,25.61,82.0,2020-04-27,192.35,CLOSED,25.61,165.0,49.0,100.0
-,FB,2020-03-19,USD,153.13,2020-08-23,221.38,44.57,72.0,2020-05-20,221.38,CLOSED,44.57,181.0,39.0,100.0
-,XAR,2020-03-19,USD,68.35,2020-08-26,76.01,11.21,18.0,2020-03-25,76.01,CLOSED,11.21,471.0,4.0,100.0
-,TSLA,2020-03-19,USD,427.64,2020-07-03,521.68,21.99,52.0,2020-03-25,521.68,CLOSED,21.99,924.0,6.0,100.0
-,LULU,2020-03-19,USD,154.86,2021-03-05,240.25,55.14,40.0,2020-05-11,240.25,CLOSED,55.14,262.0,15.0,100.0
-,TSLA,2020-03-19,USD,427.64,2020-12-30,582.7,36.26,32.0,2020-04-13,582.7,CLOSED,36.26,366.0,9.0,100.0
-,DIS,2020-03-19,USD,94.93,2020-06-10,104.99,10.6,32.0,2020-03-25,104.99,CLOSED,10.6,445.0,7.0,100.0
-,DIS,2020-03-19,USD,94.93,2021-02-16,107.05,12.77,10.0,2020-03-26,107.05,CLOSED,12.77,460.0,2.0,100.0
-,TSLA,2020-03-19,USD,427.64,2020-05-14,498.29,16.52,74.0,2020-03-24,498.29,CLOSED,16.52,833.0,9.0,100.0
-,NKE,2020-03-19,USD,70.34,2020-07-22,77.59,10.31,21.0,2020-03-25,77.59,CLOSED,10.31,433.0,5.0,100.0
-,XAR,2020-03-19,USD,68.35,2020-08-12,73.28,7.21,12.0,2020-03-25,73.28,CLOSED,7.21,303.0,4.0,100.0
-,ITA,2020-03-19,USD,125.55,2021-01-19,160.34,27.71,23.0,2020-04-29,160.34,CLOSED,27.71,170.0,13.0,100.0
-,XAR,2020-03-19,USD,68.35,2020-08-15,74.67,9.25,16.0,2020-03-25,74.67,CLOSED,9.25,388.0,4.0,100.0
-,NKE,2020-03-19,USD,70.34,2020-07-25,76.33,8.52,17.0,2020-03-25,76.33,CLOSED,8.52,358.0,5.0,100.0
-,NKE,2020-03-19,USD,70.34,2020-06-02,74.48,5.89,20.0,2020-03-25,74.48,CLOSED,5.89,247.0,8.0,100.0
-,TSLA,2020-03-19,USD,427.64,2020-05-12,512.14,19.76,92.0,2020-03-24,512.14,CLOSED,19.76,996.0,9.0,100.0
-,DIS,2020-03-19,USD,94.93,2020-10-08,102.56,8.04,10.0,2020-03-25,102.56,CLOSED,8.04,338.0,3.0,100.0
-,ITA,2020-03-19,USD,125.55,2020-11-06,138.88,10.62,12.0,2020-03-25,138.88,CLOSED,10.62,446.0,3.0,100.0
-,NKE,2020-03-19,USD,70.34,2020-05-31,74.12,5.37,19.0,2020-03-25,74.12,CLOSED,5.37,226.0,8.0,100.0
-,TSLA,2020-03-19,USD,427.64,2020-08-03,482.81,12.9,24.0,2020-03-24,482.81,CLOSED,12.9,650.0,4.0,100.0
-,DIS,2020-03-19,USD,94.93,2020-09-04,101.93,7.37,11.0,2020-03-25,101.93,CLOSED,7.37,310.0,4.0,100.0
-,ITA,2020-03-19,USD,125.55,2020-05-17,130.63,4.05,17.0,2020-03-24,130.63,CLOSED,4.05,204.0,8.0,100.0
-,ASX-VCX,2020-03-20,AUD,1.14,2021-01-09,1.35,18.42,16.0,2020-04-09,1.35,CLOSED,18.42,232.0,7.0,100.0
-,ASX-VCX,2020-03-20,AUD,1.14,2021-01-09,1.29,13.16,11.0,2020-04-08,1.29,CLOSED,13.16,175.0,6.0,100.0
-,ASX-BEN,2020-03-20,AUD,6.45,2020-08-05,7.48,15.97,29.0,2020-06-09,7.48,CLOSED,15.97,50.0,59.0,100.0
-,ASX-REA,2020-03-20,AUD,75.69,2020-12-28,101.5,34.1,30.0,2020-05-26,101.5,CLOSED,34.1,128.0,24.0,100.0
-,ASX-REA,2020-03-20,AUD,75.69,2020-12-11,104.57,38.16,36.0,2020-06-03,104.57,CLOSED,38.16,128.0,28.0,100.0
-,ASX-REA,2020-03-20,AUD,75.69,2021-01-21,106.45,40.64,33.0,2020-06-04,106.45,CLOSED,40.64,135.0,25.0,100.0
-,ASX-REA,2020-03-20,AUD,75.69,2020-11-24,106.63,40.88,41.0,2020-06-04,106.63,CLOSED,40.88,136.0,31.0,100.0
-,ASX-AGL,2020-03-20,AUD,16.42,2020-07-12,17.88,8.89,20.0,2020-04-03,17.88,CLOSED,8.89,160.0,12.0,100.0
-,ASX-REA,2020-03-20,AUD,75.69,2020-07-21,86.5,14.28,29.0,2020-04-15,86.5,CLOSED,14.28,138.0,21.0,100.0
-,ASX-AGL,2020-03-20,AUD,16.42,2020-08-22,17.51,6.64,11.0,2020-03-31,17.51,CLOSED,6.64,152.0,7.0,100.0
-,ASX-REA,2020-03-20,AUD,75.69,2020-07-31,86.42,14.18,27.0,2020-04-14,86.42,CLOSED,14.18,143.0,19.0,100.0
-,ASX-BEN,2020-03-20,AUD,6.45,2020-08-24,6.95,7.75,12.0,2020-06-04,6.95,CLOSED,7.75,26.0,48.0,100.0
-,ASX-BEN,2020-03-20,AUD,6.45,2020-05-09,7.27,12.71,64.0,2020-05-08,5.89,CLOSED,-8.68,-45.0,98.0,-68.0
-,ASX-BOQ,2020-03-20,AUD,5.56,2020-07-31,5.93,6.65,13.0,2020-06-05,5.93,CLOSED,6.65,22.0,58.0,100.0
-,ASX-VCX,2020-03-20,AUD,1.14,2020-05-12,1.17,2.63,13.0,2020-04-01,1.17,CLOSED,2.63,55.0,23.0,100.0
-,ASX-BOQ,2020-03-20,AUD,5.56,2020-05-17,5.83,4.86,21.0,2020-05-15,4.72,CLOSED,-15.11,-68.0,97.0,-311.0
-,ASX-BEN,2020-03-20,AUD,6.45,2020-05-16,6.88,6.67,29.0,2020-03-31,6.88,CLOSED,6.67,153.0,19.0,100.0
-,ASX-BOQ,2020-03-20,AUD,5.56,2020-08-08,5.88,5.76,10.0,2020-06-05,5.88,CLOSED,5.76,19.0,55.0,100.0
-,2768.HK,2020-03-20,HKD,2.92,2020-04-09,3.62,23.97,302.0,2020-04-09,3.19,CLOSED,9.25,117.0,100.0,39.0
-,2588.HK,2020-03-20,HKD,40.25,2020-05-06,43.55,8.2,44.0,2020-03-25,43.55,CLOSED,8.2,413.0,11.0,100.0
-,2588.HK,2020-03-20,HKD,40.25,2020-05-22,44.44,10.41,42.0,2020-03-25,44.44,CLOSED,10.41,525.0,8.0,100.0
-,2588.HK,2020-03-20,HKD,40.25,2020-08-04,48.25,19.88,37.0,2020-03-25,48.25,CLOSED,19.88,1002.0,4.0,100.0
-,2588.HK,2020-03-20,HKD,40.25,2020-08-28,47.29,17.49,27.0,2020-03-25,47.29,CLOSED,17.49,881.0,3.0,100.0
-,0288.HK,2020-03-20,HKD,6.32,2020-08-17,7.73,22.31,37.0,2020-04-07,7.73,CLOSED,22.31,312.0,12.0,100.0
-,0288.HK,2020-03-20,HKD,6.32,2020-09-02,7.7,21.84,33.0,2020-04-07,7.7,CLOSED,21.84,306.0,11.0,100.0
-,2208.HK,2020-03-20,HKD,6.46,2020-09-19,8.01,23.99,33.0,2020-06-16,8.01,CLOSED,23.99,69.0,48.0,100.0
-,2208.HK,2020-03-20,HKD,6.46,2020-07-18,7.47,15.63,33.0,2020-04-08,7.47,CLOSED,15.63,207.0,16.0,100.0
-,0288.HK,2020-03-20,HKD,6.32,2020-08-08,6.48,2.53,5.0,2020-03-24,6.48,CLOSED,2.53,159.0,3.0,100.0
-,0288.HK,2020-03-20,HKD,6.32,2020-11-06,7.35,16.3,18.0,2020-03-25,7.35,CLOSED,16.3,822.0,2.0,100.0
-,1038.HK,2020-03-20,HKD,38.6,2020-07-30,43.38,12.38,24.0,2020-04-06,43.38,CLOSED,12.38,184.0,13.0,100.0
-,1038.HK,2020-03-20,HKD,38.6,2020-10-30,46.45,20.34,23.0,2020-04-07,46.45,CLOSED,20.34,285.0,8.0,100.0
-,1270.HK,2020-03-20,HKD,1.11,2020-11-01,1.24,11.71,13.0,2020-03-25,1.24,CLOSED,11.71,590.0,2.0,100.0
-,0288.HK,2020-03-20,HKD,6.32,2020-08-06,6.93,9.65,17.0,2020-03-25,6.93,CLOSED,9.65,486.0,4.0,100.0
-,1038.HK,2020-03-20,HKD,38.6,2020-07-10,40.77,5.62,13.0,2020-03-27,40.77,CLOSED,5.62,202.0,6.0,100.0
-,0945.HK,2020-03-20,HKD,112.2,2020-06-08,138.2,23.17,73.0,2020-06-08,111.4,CLOSED,-0.71,-2.0,100.0,-3.0
-,0288.HK,2020-03-20,HKD,6.32,2020-06-06,6.63,4.91,16.0,2020-03-24,6.63,CLOSED,4.91,309.0,5.0,100.0
-,0388.HK,2020-03-20,HKD,218.0,2020-12-30,257.94,18.32,16.0,2020-05-19,257.94,CLOSED,18.32,77.0,21.0,100.0
-,0288.HK,2020-03-20,HKD,6.32,2020-08-11,6.85,8.39,15.0,2020-03-25,6.85,CLOSED,8.39,423.0,3.0,100.0
-,AMZN,2020-03-20,USD,1846.09,2020-09-28,2437.39,32.03,42.0,2020-04-16,2437.39,CLOSED,32.03,299.0,14.0,100.0
-,AMZN,2020-03-20,USD,1846.09,2020-11-10,2348.04,27.19,29.0,2020-04-16,2348.04,CLOSED,27.19,254.0,11.0,100.0
-,0288.HK,2020-03-20,HKD,6.32,2020-09-27,9.62,52.22,69.0,2020-07-03,6.94,OPEN,9.81,24.0,55.0,19.0
-,2208.HK,2020-03-20,HKD,6.46,2021-02-24,8.64,33.75,25.0,2020-07-03,6.8,OPEN,5.26,13.0,31.0,16.0
-,0288.HK,2020-03-20,HKD,6.32,2020-10-12,9.51,50.47,62.0,2020-07-03,6.94,OPEN,9.81,24.0,51.0,19.0
-,0175.HK,2020-03-20,HKD,10.96,2020-11-01,20.95,91.15,102.0,2020-07-03,14.16,OPEN,29.2,70.0,46.0,32.0
-,2208.HK,2020-03-20,HKD,6.46,2020-09-30,9.79,51.55,67.0,2020-07-03,6.8,OPEN,5.26,13.0,54.0,10.0
-,0175.HK,2020-03-20,HKD,10.96,2020-12-10,16.53,50.82,48.0,2020-07-03,14.16,OPEN,29.2,70.0,40.0,57.0
-,2208.HK,2020-03-20,HKD,6.46,2021-02-12,8.62,33.44,26.0,2020-07-03,6.8,OPEN,5.26,13.0,32.0,16.0
-,0175.HK,2020-03-20,HKD,10.96,2021-01-11,14.78,34.85,30.0,2020-07-03,14.16,OPEN,29.2,70.0,35.0,84.0
-,ASX-BHP,2020-03-23,AUD,27.03,2021-01-31,30.58,13.13,11.0,2020-03-25,30.58,CLOSED,13.13,1654.0,1.0,100.0
-,ASX-BHP,2020-03-23,AUD,27.03,2020-08-09,29.32,8.47,15.0,2020-03-25,29.32,CLOSED,8.47,1067.0,1.0,100.0
-,TSLA,2020-03-23,USD,434.29,2021-01-03,591.76,36.26,32.0,2020-04-13,591.76,CLOSED,36.26,435.0,7.0,100.0
-,TSLA,2020-03-23,USD,434.29,2020-08-07,490.31,12.9,24.0,2020-03-24,490.31,CLOSED,12.9,3251.0,1.0,100.0
-,ASX-VCX,2020-03-24,AUD,1.02,2021-01-13,1.21,18.63,16.0,2020-04-07,1.21,CLOSED,18.63,335.0,5.0,100.0
-,ASX-VCX,2020-03-24,AUD,1.02,2021-01-13,1.15,12.75,11.0,2020-03-25,1.15,CLOSED,12.75,3213.0,0.0,100.0
-,ASX-CWN,2020-03-24,AUD,6.48,2020-05-30,7.04,8.64,32.0,2020-03-25,7.04,CLOSED,8.64,2177.0,1.0,100.0
-,ASX-CWN,2020-03-24,AUD,6.48,2020-07-17,7.03,8.49,19.0,2020-03-25,7.03,CLOSED,8.49,2139.0,1.0,100.0
-,ASX-CWN,2020-03-24,AUD,6.48,2021-01-23,7.84,20.99,17.0,2020-03-26,7.84,CLOSED,20.99,2645.0,1.0,100.0
-,ASX-REA,2020-03-24,AUD,67.5,2021-01-24,92.47,36.99,30.0,2020-05-08,92.47,CLOSED,36.99,207.0,15.0,100.0
-,STW,2020-03-24,USD,44.42,2020-10-28,47.11,6.06,7.0,2020-03-25,47.11,CLOSED,6.06,1527.0,0.0,100.0
-,STW,2020-03-24,USD,44.42,2021-01-24,50.65,14.03,12.0,2020-04-14,50.65,CLOSED,14.03,168.0,7.0,100.0
-,STW,2020-03-24,USD,44.42,2021-01-13,49.71,11.91,10.0,2020-03-31,49.71,CLOSED,11.91,429.0,2.0,100.0
-,ASX-REA,2020-03-24,AUD,67.5,2021-01-01,90.52,34.1,30.0,2020-05-08,90.52,CLOSED,34.1,191.0,16.0,100.0
-,ASX-REA,2020-03-24,AUD,67.5,2020-12-15,93.26,38.16,36.0,2020-05-08,93.26,CLOSED,38.16,214.0,17.0,100.0
-,STW,2020-03-24,USD,44.42,2020-09-11,47.73,7.45,11.0,2020-03-26,47.73,CLOSED,7.45,939.0,1.0,100.0
-,ASX-REA,2020-03-24,AUD,67.5,2021-01-25,94.93,40.64,33.0,2020-05-08,94.93,CLOSED,40.64,228.0,15.0,100.0
-,ASX-REA,2020-03-24,AUD,67.5,2020-11-28,95.09,40.87,41.0,2020-05-08,95.09,CLOSED,40.87,229.0,18.0,100.0
-,ASX-AGL,2020-03-24,AUD,15.51,2020-07-16,16.89,8.9,20.0,2020-03-25,16.89,CLOSED,8.9,2243.0,1.0,100.0
-,STW,2020-03-24,USD,44.42,2021-01-09,48.48,9.14,8.0,2020-03-26,48.48,CLOSED,9.14,1152.0,1.0,100.0
-,ASX-CWN,2020-03-24,AUD,6.48,2020-05-25,6.86,5.86,24.0,2020-03-25,6.86,CLOSED,5.86,1477.0,2.0,100.0
-,ASX-AGL,2020-03-24,AUD,15.51,2020-07-21,16.92,9.09,19.0,2020-03-30,16.92,CLOSED,9.09,382.0,5.0,100.0
-,STW,2020-03-24,USD,44.42,2020-12-03,47.63,7.23,7.0,2020-03-26,47.63,CLOSED,7.23,911.0,1.0,100.0
-,STW,2020-03-24,USD,44.42,2020-09-17,46.93,5.65,8.0,2020-03-25,46.93,CLOSED,5.65,1424.0,1.0,100.0
-,ASX-CWN,2020-03-24,AUD,6.48,2020-09-13,7.06,8.95,13.0,2020-03-25,7.06,CLOSED,8.95,2255.0,1.0,100.0
-,ASX-REA,2020-03-24,AUD,67.5,2020-07-25,77.14,14.28,29.0,2020-03-26,77.14,CLOSED,14.28,1799.0,2.0,100.0
-,ASX-REA,2020-03-24,AUD,67.5,2020-05-16,73.7,9.19,44.0,2020-03-26,73.7,CLOSED,9.19,1158.0,4.0,100.0
-,ASX-REA,2020-03-24,AUD,67.5,2020-08-13,80.02,18.55,33.0,2020-03-27,80.02,CLOSED,18.55,1558.0,2.0,100.0
-,ASX-REA,2020-03-24,AUD,67.5,2020-11-07,92.07,36.4,40.0,2020-05-08,92.07,CLOSED,36.4,204.0,20.0,100.0
-,ASX-AGL,2020-03-24,AUD,15.51,2020-08-26,16.54,6.64,11.0,2020-03-25,16.54,CLOSED,6.64,1673.0,1.0,100.0
-,ASX-REA,2020-03-24,AUD,67.5,2020-08-04,77.06,14.16,27.0,2020-03-26,77.06,CLOSED,14.16,1784.0,2.0,100.0
-,ASX-CWN,2020-03-24,AUD,6.48,2020-06-04,6.81,5.09,18.0,2020-03-25,6.81,CLOSED,5.09,1283.0,1.0,100.0
-,ASX-ABP,2020-03-24,AUD,2.13,2020-06-20,2.56,20.19,58.0,2020-03-26,2.56,CLOSED,20.19,2544.0,2.0,100.0
-,ASX-NAN,2020-03-24,AUD,4.67,2021-02-17,5.76,23.34,18.0,2020-03-31,5.76,CLOSED,23.34,840.0,2.0,100.0
-,STW,2020-03-24,USD,44.42,2020-06-04,45.69,2.86,10.0,2020-03-25,45.69,CLOSED,2.86,721.0,1.0,100.0
-,ASX-VCX,2020-03-24,AUD,1.02,2020-05-16,1.05,2.94,14.0,2020-03-25,1.05,CLOSED,2.94,741.0,2.0,100.0
-,ASX-NAN,2020-03-24,AUD,4.67,2020-06-04,5.1,9.21,32.0,2020-03-26,5.1,CLOSED,9.21,1160.0,3.0,100.0
-,ASX-CWN,2020-03-24,AUD,6.48,2020-06-04,6.82,5.25,18.0,2020-03-25,6.82,CLOSED,5.25,1323.0,1.0,100.0
-,ASX-CWN,2020-03-24,AUD,6.48,2020-09-16,6.96,7.41,11.0,2020-03-25,6.96,CLOSED,7.41,1867.0,1.0,100.0
-,ASX-NAN,2020-03-24,AUD,4.67,2020-09-26,5.17,10.71,15.0,2020-03-26,5.17,CLOSED,10.71,1349.0,1.0,100.0
-,STW,2020-03-24,USD,44.42,2020-05-07,45.34,2.07,12.0,2020-03-25,45.34,CLOSED,2.07,522.0,2.0,100.0
-,STW,2020-03-24,USD,44.42,2020-06-14,45.52,2.48,8.0,2020-03-25,45.52,CLOSED,2.48,625.0,1.0,100.0
-,2588.HK,2020-03-24,HKD,41.05,2020-05-10,44.41,8.19,44.0,2020-03-25,44.41,CLOSED,8.19,2064.0,2.0,100.0
-,2588.HK,2020-03-24,HKD,41.05,2020-05-26,45.33,10.43,42.0,2020-03-25,45.33,CLOSED,10.43,2628.0,2.0,100.0
-,2588.HK,2020-03-24,HKD,41.05,2020-08-08,49.21,19.88,37.0,2020-03-25,49.21,CLOSED,19.88,5010.0,1.0,100.0
-,2588.HK,2020-03-24,HKD,41.05,2020-09-01,48.23,17.49,27.0,2020-03-25,48.23,CLOSED,17.49,4407.0,1.0,100.0
-,1816.HK,2020-03-24,HKD,1.6,2020-09-22,1.84,15.0,21.0,2020-04-09,1.84,CLOSED,15.0,236.0,9.0,100.0
-,1816.HK,2020-03-24,HKD,1.6,2020-06-03,1.75,9.37,33.0,2020-03-26,1.75,CLOSED,9.37,1181.0,3.0,100.0
-,1816.HK,2020-03-24,HKD,1.6,2020-05-26,1.73,8.12,32.0,2020-03-25,1.73,CLOSED,8.12,2046.0,2.0,100.0
-,1816.HK,2020-03-24,HKD,1.6,2020-08-29,1.86,16.25,26.0,2020-04-14,1.86,CLOSED,16.25,195.0,13.0,100.0
-,0288.HK,2020-03-24,HKD,6.6,2020-08-10,7.24,9.7,18.0,2020-03-25,7.24,CLOSED,9.7,2444.0,1.0,100.0
-,1816.HK,2020-03-24,HKD,1.6,2020-05-26,1.69,5.62,22.0,2020-03-25,1.69,CLOSED,5.62,1416.0,2.0,100.0
-,0288.HK,2020-03-24,HKD,6.6,2020-06-10,6.93,5.0,16.0,2020-03-25,6.93,CLOSED,5.0,1260.0,1.0,100.0
-,0388.HK,2020-03-24,HKD,223.8,2021-01-03,264.8,18.32,16.0,2020-05-19,264.8,CLOSED,18.32,82.0,20.0,100.0
-,1816.HK,2020-03-24,HKD,1.6,2020-05-25,1.67,4.37,18.0,2020-03-25,1.67,CLOSED,4.37,1101.0,2.0,100.0
-,0288.HK,2020-03-24,HKD,6.6,2020-08-15,7.15,8.33,15.0,2020-03-25,7.15,CLOSED,8.33,2099.0,1.0,100.0
-,NKE,2020-03-24,USD,72.33,2021-02-08,88.01,21.68,17.0,2020-04-07,88.01,CLOSED,21.68,390.0,4.0,100.0
-,NKE,2020-03-24,USD,72.33,2021-02-12,89.83,24.19,19.0,2020-04-17,89.83,CLOSED,24.19,254.0,7.0,100.0
-,XAR,2020-03-24,USD,69.74,2020-11-18,80.69,15.7,17.0,2020-03-26,80.69,CLOSED,15.7,1978.0,1.0,100.0
-,NKE,2020-03-24,USD,72.33,2020-05-14,75.91,4.95,24.0,2020-03-25,75.91,CLOSED,4.95,1247.0,2.0,100.0
-,NKE,2020-03-24,USD,72.33,2020-06-11,77.15,6.66,21.0,2020-03-25,77.15,CLOSED,6.66,1678.0,1.0,100.0
-,NKE,2020-03-24,USD,72.33,2020-08-03,78.96,9.17,18.0,2020-03-25,78.96,CLOSED,9.17,2311.0,1.0,100.0
-,NKE,2020-03-24,USD,72.33,2020-05-29,80.46,11.24,43.0,2020-03-25,80.46,CLOSED,11.24,2832.0,2.0,100.0
-,NKE,2020-03-24,USD,72.33,2020-08-06,82.1,13.51,25.0,2020-03-25,82.1,CLOSED,13.51,3405.0,1.0,100.0
-,NKE,2020-03-24,USD,72.33,2020-12-21,99.54,37.62,35.0,2020-05-27,99.54,CLOSED,37.62,148.0,24.0,100.0
-,NKE,2020-03-24,USD,72.33,2020-12-09,99.3,37.29,36.0,2020-05-27,99.3,CLOSED,37.29,147.0,25.0,100.0
-,XAR,2020-03-24,USD,69.74,2020-06-21,82.04,17.64,50.0,2020-03-26,82.04,CLOSED,17.64,2223.0,2.0,100.0
-,XAR,2020-03-24,USD,69.74,2020-06-04,83.08,19.13,67.0,2020-04-29,83.08,CLOSED,19.13,134.0,50.0,100.0
-,XAR,2020-03-24,USD,69.74,2020-04-20,75.83,8.73,81.0,2020-03-25,75.83,CLOSED,8.73,2200.0,4.0,100.0
-,XAR,2020-03-24,USD,69.74,2020-05-31,85.4,22.45,83.0,2020-05-26,85.4,CLOSED,22.45,90.0,93.0,100.0
-,XAR,2020-03-24,USD,69.74,2020-09-17,93.93,34.69,49.0,2020-06-03,93.93,CLOSED,34.69,123.0,40.0,100.0
-,MA,2020-03-24,USD,237.07,2020-11-22,306.29,29.2,30.0,2020-05-28,306.29,CLOSED,29.2,113.0,27.0,100.0
-,JNJ,2020-03-24,USD,119.18,2021-02-15,134.09,12.51,10.0,2020-03-31,134.09,CLOSED,12.51,450.0,2.0,100.0
-,XAR,2020-03-24,USD,69.74,2020-08-31,77.55,11.2,18.0,2020-03-26,77.55,CLOSED,11.2,1411.0,1.0,100.0
-,KO,2020-03-24,USD,39.45,2021-02-24,43.86,11.18,8.0,2020-03-26,43.86,CLOSED,11.18,1409.0,1.0,100.0
-,MA,2020-03-24,USD,237.07,2020-08-24,278.96,17.67,29.0,2020-04-07,278.96,CLOSED,17.67,318.0,9.0,100.0
-,MA,2020-03-24,USD,237.07,2020-08-13,269.22,13.56,24.0,2020-04-07,269.22,CLOSED,13.56,244.0,10.0,100.0
-,NKE,2020-03-24,USD,72.33,2020-07-27,79.78,10.3,21.0,2020-03-25,79.78,CLOSED,10.3,2596.0,1.0,100.0
-,JNJ,2020-03-24,USD,119.18,2020-08-10,126.51,6.15,11.0,2020-03-26,126.51,CLOSED,6.15,775.0,1.0,100.0
-,XAR,2020-03-24,USD,69.74,2020-08-17,74.78,7.23,12.0,2020-03-25,74.78,CLOSED,7.23,1822.0,1.0,100.0
-,ITA,2020-03-24,USD,131.96,2021-01-24,168.53,27.71,23.0,2020-05-28,168.53,CLOSED,27.71,107.0,21.0,100.0
-,MMM,2020-03-24,USD,132.72,2020-12-09,151.21,13.93,14.0,2020-04-27,151.21,CLOSED,13.93,103.0,13.0,100.0
-,XAR,2020-03-24,USD,69.74,2020-08-20,76.19,9.25,16.0,2020-03-25,76.19,CLOSED,9.25,2331.0,1.0,100.0
-,NKE,2020-03-24,USD,72.33,2020-07-30,78.49,8.52,17.0,2020-03-25,78.49,CLOSED,8.52,2147.0,1.0,100.0
-,NKE,2020-03-24,USD,72.33,2020-06-07,76.58,5.88,20.0,2020-03-25,76.58,CLOSED,5.88,1482.0,1.0,100.0
-,ITA,2020-03-24,USD,131.96,2020-11-11,145.97,10.62,12.0,2020-03-25,145.97,CLOSED,10.62,2676.0,0.0,100.0
-,NKE,2020-03-24,USD,72.33,2020-06-05,76.21,5.36,19.0,2020-03-25,76.21,CLOSED,5.36,1351.0,1.0,100.0
-,MA,2020-03-24,USD,237.07,2020-05-28,245.91,3.73,14.0,2020-03-25,245.91,CLOSED,3.73,940.0,2.0,100.0
-,BA,2020-03-24,USD,127.68,2021-02-16,169.5,32.75,25.0,2020-03-25,169.5,CLOSED,32.75,8253.0,0.0,100.0
-,JNJ,2020-03-24,USD,119.18,2020-06-06,124.35,4.34,15.0,2020-03-26,124.35,CLOSED,4.34,547.0,3.0,100.0
-,MA,2020-03-24,USD,237.07,2020-06-02,250.75,5.77,21.0,2020-03-25,250.75,CLOSED,5.77,1454.0,1.0,100.0
-,KO,2020-03-24,USD,39.45,2020-09-10,41.12,4.23,6.0,2020-03-25,41.12,CLOSED,4.23,1066.0,1.0,100.0
-,ITA,2020-03-24,USD,131.96,2020-05-22,137.3,4.05,17.0,2020-03-25,137.3,CLOSED,4.05,1021.0,2.0,100.0
-,0288.HK,2020-03-24,HKD,6.6,2020-08-21,8.07,22.27,37.0,2020-07-03,6.94,OPEN,5.15,13.0,67.0,23.0
-,0288.HK,2020-03-24,HKD,6.6,2020-10-01,10.05,52.27,69.0,2020-07-03,6.94,OPEN,5.15,13.0,53.0,10.0
-,0288.HK,2020-03-24,HKD,6.6,2020-09-06,8.04,21.82,33.0,2020-07-03,6.94,OPEN,5.15,13.0,61.0,24.0
-,0288.HK,2020-03-24,HKD,6.6,2020-10-16,9.93,50.45,62.0,2020-07-03,6.94,OPEN,5.15,13.0,49.0,10.0
-,0173.HK,2020-03-24,HKD,3.15,2021-03-03,6.85,117.46,86.0,2020-07-03,3.49,OPEN,10.79,27.0,29.0,9.0
-,0175.HK,2020-03-24,HKD,11.16,2020-12-14,16.83,50.81,48.0,2020-07-03,14.16,OPEN,26.88,67.0,38.0,53.0
-,0173.HK,2020-03-24,HKD,3.15,2021-03-23,4.7,49.21,34.0,2020-07-03,3.49,OPEN,10.79,27.0,28.0,22.0
-,0175.HK,2020-03-24,HKD,11.16,2021-01-15,15.05,34.86,30.0,2020-07-03,14.16,OPEN,26.88,67.0,34.0,77.0
-,MA,2020-03-24,USD,237.07,2020-12-16,324.31,36.8,35.0,2020-07-02,302.42,OPEN,27.57,69.0,37.0,75.0
-,MA,2020-03-24,USD,237.07,2021-03-03,333.56,40.7,30.0,2020-07-02,302.42,OPEN,27.57,69.0,29.0,68.0
-,ASX-VCX,2020-03-25,AUD,1.12,2021-01-14,1.33,18.75,16.0,2020-04-08,1.33,CLOSED,18.75,338.0,5.0,100.0
-,ASX-VVR,2020-03-25,AUD,2.26,2020-08-15,2.5,10.62,19.0,2020-04-17,2.5,CLOSED,10.62,116.0,16.0,100.0
-,ASX-VVR,2020-03-25,AUD,2.26,2020-10-24,2.46,8.85,10.0,2020-04-17,2.46,CLOSED,8.85,97.0,11.0,100.0
-,ASX-NSR,2020-03-25,AUD,1.53,2020-05-04,1.61,5.23,33.0,2020-03-26,1.61,CLOSED,5.23,1318.0,2.0,100.0
-,ASX-NSR,2020-03-25,AUD,1.53,2021-01-05,1.8,17.65,16.0,2020-05-26,1.8,CLOSED,17.65,72.0,22.0,100.0
-,ASX-SCP,2020-03-25,AUD,2.41,2020-05-30,2.49,3.32,13.0,2020-03-26,2.49,CLOSED,3.32,837.0,2.0,100.0
-,ASX-SCP,2020-03-25,AUD,2.41,2020-07-16,2.59,7.47,17.0,2020-03-26,2.59,CLOSED,7.47,1882.0,1.0,100.0
-,ASX-VCX,2020-03-25,AUD,1.12,2021-01-14,1.27,13.39,11.0,2020-04-08,1.27,CLOSED,13.39,241.0,5.0,100.0
-,ASX-VVR,2020-03-25,AUD,2.26,2020-04-30,2.29,1.33,9.0,2020-03-26,2.29,CLOSED,1.33,335.0,3.0,100.0
-,ASX-VVR,2020-03-25,AUD,2.26,2020-06-09,2.36,4.42,15.0,2020-03-26,2.36,CLOSED,4.42,1114.0,1.0,100.0
-,ASX-VVR,2020-03-25,AUD,2.26,2020-07-24,2.5,10.62,22.0,2020-04-17,2.5,CLOSED,10.62,116.0,19.0,100.0
-,ASX-VVR,2020-03-25,AUD,2.26,2020-09-12,2.52,11.5,17.0,2020-04-17,2.52,CLOSED,11.5,126.0,13.0,100.0
-,ASX-VVR,2020-03-25,AUD,2.26,2021-03-09,2.57,13.72,10.0,2020-04-17,2.57,CLOSED,13.72,150.0,7.0,100.0
-,ASX-BEN,2020-03-25,AUD,5.74,2020-08-10,6.65,15.85,29.0,2020-03-31,6.65,CLOSED,15.85,666.0,4.0,100.0
-,ASX-BOQ,2020-03-25,AUD,4.8,2020-04-28,5.3,10.42,77.0,2020-04-28,4.66,CLOSED,-2.92,-22.0,100.0,-28.0
-,ASX-BOQ,2020-03-25,AUD,4.8,2020-07-21,5.13,6.88,15.0,2020-03-31,5.13,CLOSED,6.88,289.0,5.0,100.0
-,ASX-CCL,2020-03-25,AUD,8.37,2020-07-06,9.05,8.12,20.0,2020-03-31,9.05,CLOSED,8.12,341.0,6.0,100.0
-,ASX-CWN,2020-03-25,AUD,6.75,2020-05-31,7.33,8.59,32.0,2020-03-26,7.33,CLOSED,8.59,2165.0,1.0,100.0
-,ASX-CWN,2020-03-25,AUD,6.75,2020-07-18,7.32,8.44,18.0,2020-03-26,7.32,CLOSED,8.44,2127.0,1.0,100.0
-,ASX-CWN,2020-03-25,AUD,6.75,2021-01-24,8.16,20.89,17.0,2020-04-07,8.16,CLOSED,20.89,405.0,4.0,100.0
-,ASX-NAB,2020-03-25,AUD,15.79,2021-01-19,18.91,19.76,17.0,2020-05-28,18.91,CLOSED,19.76,78.0,21.0,100.0
-,ASX-SCP,2020-03-25,AUD,2.41,2020-06-19,2.48,2.9,8.0,2020-03-26,2.48,CLOSED,2.9,731.0,1.0,100.0
-,ASX-SCP,2020-03-25,AUD,2.41,2020-05-18,2.46,2.07,10.0,2020-03-26,2.46,CLOSED,2.07,522.0,2.0,100.0
-,ASX-SCP,2020-03-25,AUD,2.41,2020-05-29,2.49,3.32,13.0,2020-03-26,2.49,CLOSED,3.32,837.0,2.0,100.0
-,ASX-VVR,2020-03-25,AUD,2.26,2020-05-02,2.29,1.33,9.0,2020-03-26,2.29,CLOSED,1.33,335.0,3.0,100.0
-,ASX-VVR,2020-03-25,AUD,2.26,2020-06-07,2.33,3.1,11.0,2020-03-26,2.33,CLOSED,3.1,781.0,1.0,100.0
-,ASX-VVR,2020-03-25,AUD,2.26,2020-08-07,2.54,12.39,23.0,2020-04-17,2.54,CLOSED,12.39,136.0,17.0,100.0
-,ASX-VVR,2020-03-25,AUD,2.26,2020-08-06,2.56,13.27,25.0,2020-04-17,2.56,CLOSED,13.27,145.0,17.0,100.0
-,ASX-WBC,2020-03-25,AUD,15.85,2020-05-11,16.57,4.54,24.0,2020-03-31,16.57,CLOSED,4.54,191.0,13.0,100.0
-,ASX-WBC,2020-03-25,AUD,15.85,2021-01-27,17.26,8.9,7.0,2020-03-31,17.26,CLOSED,8.9,374.0,2.0,100.0
-,STW,2020-03-25,USD,46.65,2020-10-29,49.48,6.07,7.0,2020-03-31,49.48,CLOSED,6.07,255.0,3.0,100.0
-,STW,2020-03-25,USD,46.65,2021-01-25,53.19,14.02,12.0,2020-05-26,53.19,CLOSED,14.02,57.0,20.0,100.0
-,STW,2020-03-25,USD,46.65,2021-01-14,52.21,11.92,10.0,2020-05-21,52.21,CLOSED,11.92,53.0,19.0,100.0
-,ASX-REA,2020-03-25,AUD,69.0,2021-01-02,92.53,34.1,30.0,2020-05-08,92.53,CLOSED,34.1,195.0,16.0,100.0
-,ASX-SCP,2020-03-25,AUD,2.41,2020-07-14,2.6,7.88,18.0,2020-03-26,2.6,CLOSED,7.88,1986.0,1.0,100.0
-,ASX-REA,2020-03-25,AUD,69.0,2020-12-16,95.33,38.16,36.0,2020-05-08,95.33,CLOSED,38.16,219.0,17.0,100.0
-,STW,2020-03-25,USD,46.65,2020-09-12,50.13,7.46,11.0,2020-04-07,50.13,CLOSED,7.46,145.0,8.0,100.0
-,ASX-REA,2020-03-25,AUD,69.0,2021-01-26,97.04,40.64,33.0,2020-05-19,97.04,CLOSED,40.64,186.0,18.0,100.0
-,ASX-REA,2020-03-25,AUD,69.0,2020-11-29,97.21,40.88,41.0,2020-05-19,97.21,CLOSED,40.88,187.0,22.0,100.0
-,ASX-ORG,2020-03-25,AUD,4.3,2020-05-08,4.69,9.07,52.0,2020-04-01,4.69,CLOSED,9.07,327.0,16.0,100.0
-,ASX-VVR,2020-03-25,AUD,2.26,2020-05-31,2.35,3.98,15.0,2020-03-26,2.35,CLOSED,3.98,1003.0,1.0,100.0
-,STW,2020-03-25,USD,46.65,2021-01-10,50.91,9.13,8.0,2020-04-15,50.91,CLOSED,9.13,110.0,7.0,100.0
-,ASX-CWN,2020-03-25,AUD,6.75,2020-05-26,7.15,5.93,24.0,2020-03-26,7.15,CLOSED,5.93,1494.0,2.0,100.0
-,STW,2020-03-25,USD,46.65,2020-12-04,50.02,7.22,7.0,2020-04-07,50.02,CLOSED,7.22,140.0,5.0,100.0
-,ASX-SCP,2020-03-25,AUD,2.41,2020-05-27,2.5,3.73,15.0,2020-03-26,2.5,CLOSED,3.73,940.0,2.0,100.0
-,STW,2020-03-25,USD,46.65,2020-09-18,49.29,5.66,8.0,2020-03-27,49.29,CLOSED,5.66,713.0,1.0,100.0
-,ASX-CWN,2020-03-25,AUD,6.75,2020-09-14,7.36,9.04,13.0,2020-03-26,7.36,CLOSED,9.04,2278.0,1.0,100.0
-,ASX-REA,2020-03-25,AUD,69.0,2020-07-26,78.85,14.28,29.0,2020-03-27,78.85,CLOSED,14.28,1799.0,2.0,100.0
-,ASX-REA,2020-03-25,AUD,69.0,2020-08-05,78.78,14.17,27.0,2020-03-27,78.78,CLOSED,14.17,1785.0,2.0,100.0
-,ASX-BEN,2020-03-25,AUD,5.74,2020-08-29,6.18,7.67,12.0,2020-03-26,6.18,CLOSED,7.67,1933.0,1.0,100.0
-,ASX-ORG,2020-03-25,AUD,4.3,2020-05-25,4.66,8.37,35.0,2020-03-31,4.66,CLOSED,8.37,352.0,10.0,100.0
-,ASX-CCL,2020-03-25,AUD,8.37,2020-06-02,9.0,7.53,28.0,2020-03-31,9.0,CLOSED,7.53,316.0,9.0,100.0
-,ASX-CWN,2020-03-25,AUD,6.75,2020-06-05,7.1,5.19,18.0,2020-03-26,7.1,CLOSED,5.19,1308.0,1.0,100.0
-,ASX-BEN,2020-03-25,AUD,5.74,2020-05-14,6.47,12.72,64.0,2020-03-27,6.47,CLOSED,12.72,1603.0,4.0,100.0
-,ASX-NAB,2020-03-25,AUD,15.79,2020-07-15,17.06,8.04,18.0,2020-03-31,17.06,CLOSED,8.04,338.0,5.0,100.0
-,ASX-ANZ,2020-03-25,AUD,16.57,2020-06-01,17.4,5.01,19.0,2020-03-31,17.4,CLOSED,5.01,210.0,9.0,100.0
-,ASX-ANZ,2020-03-25,AUD,16.57,2020-06-09,17.3,4.41,15.0,2020-03-27,17.3,CLOSED,4.41,556.0,3.0,100.0
-,ASX-ANZ,2020-03-25,AUD,16.57,2020-10-31,17.89,7.97,9.0,2020-03-31,17.89,CLOSED,7.97,335.0,3.0,100.0
-,ASX-BOQ,2020-03-25,AUD,4.8,2020-08-05,5.12,6.67,13.0,2020-03-31,5.12,CLOSED,6.67,280.0,5.0,100.0
-,STW,2020-03-25,USD,46.65,2020-06-05,47.99,2.87,10.0,2020-03-26,47.99,CLOSED,2.87,723.0,1.0,100.0
-,ASX-VCX,2020-03-25,AUD,1.12,2020-05-17,1.15,2.68,13.0,2020-04-01,1.15,CLOSED,2.68,96.0,13.0,100.0
-,ASX-ORG,2020-03-25,AUD,4.3,2020-05-30,4.57,6.28,24.0,2020-03-27,4.57,CLOSED,6.28,791.0,3.0,100.0
-,ASX-CWN,2020-03-25,AUD,6.75,2020-06-05,7.1,5.19,18.0,2020-03-26,7.1,CLOSED,5.19,1308.0,1.0,100.0
-,ASX-BOQ,2020-03-25,AUD,4.8,2020-05-22,5.03,4.79,21.0,2020-03-26,5.03,CLOSED,4.79,1207.0,2.0,100.0
-,ASX-CWN,2020-03-25,AUD,6.75,2020-09-17,7.25,7.41,11.0,2020-03-26,7.25,CLOSED,7.41,1867.0,1.0,100.0
-,ASX-BEN,2020-03-25,AUD,5.74,2020-05-21,6.12,6.62,29.0,2020-03-26,6.12,CLOSED,6.62,1668.0,2.0,100.0
-,ASX-BOQ,2020-03-25,AUD,4.8,2020-08-13,5.07,5.63,10.0,2020-03-26,5.07,CLOSED,5.63,1419.0,1.0,100.0
-,ASX-NSR,2020-03-25,AUD,1.53,2020-08-12,1.65,7.84,14.0,2020-03-26,1.65,CLOSED,7.84,1976.0,1.0,100.0
-,ASX-BOQ,2020-03-25,AUD,4.8,2020-07-03,4.98,3.75,9.0,2020-03-26,4.98,CLOSED,3.75,945.0,1.0,100.0
-,STW,2020-03-25,USD,46.65,2020-05-08,47.62,2.08,12.0,2020-03-26,47.62,CLOSED,2.08,524.0,2.0,100.0
-,STW,2020-03-25,USD,46.65,2020-06-15,47.8,2.47,8.0,2020-03-26,47.8,CLOSED,2.47,622.0,1.0,100.0
-,2588.HK,2020-03-25,HKD,48.1,2020-05-11,52.04,8.19,44.0,2020-03-27,52.04,CLOSED,8.19,1032.0,4.0,100.0
-,2588.HK,2020-03-25,HKD,48.1,2020-05-27,53.11,10.42,42.0,2020-04-23,53.11,CLOSED,10.42,91.0,46.0,100.0
-,1816.HK,2020-03-25,HKD,1.71,2020-09-23,1.96,14.62,20.0,2020-04-23,1.96,CLOSED,14.62,127.0,16.0,100.0
-,1816.HK,2020-03-25,HKD,1.71,2020-06-04,1.87,9.36,33.0,2020-04-14,1.87,CLOSED,9.36,118.0,28.0,100.0
-,1816.HK,2020-03-25,HKD,1.71,2020-05-27,1.85,8.19,33.0,2020-04-09,1.85,CLOSED,8.19,138.0,24.0,100.0
-,1816.HK,2020-03-25,HKD,1.71,2020-08-30,1.99,16.37,26.0,2020-04-28,1.99,CLOSED,16.37,121.0,22.0,100.0
-,1270.HK,2020-03-25,HKD,1.26,2020-11-06,1.41,11.9,13.0,2020-03-27,1.41,CLOSED,11.9,1499.0,1.0,100.0
-,1816.HK,2020-03-25,HKD,1.71,2020-05-27,1.8,5.26,21.0,2020-03-31,1.8,CLOSED,5.26,221.0,10.0,100.0
-,1816.HK,2020-03-25,HKD,1.71,2020-05-26,1.78,4.09,17.0,2020-03-26,1.78,CLOSED,4.09,1031.0,2.0,100.0
-,KO,2020-03-25,USD,41.61,2021-02-25,46.26,11.18,8.0,2020-04-06,46.26,CLOSED,11.18,235.0,4.0,100.0
-,ITA,2020-03-25,USD,144.57,2021-01-25,184.63,27.71,23.0,2020-06-05,184.63,CLOSED,27.71,97.0,24.0,100.0
-,BA,2020-03-25,USD,158.73,2021-02-17,210.71,32.75,25.0,2020-06-05,210.71,CLOSED,32.75,115.0,22.0,100.0
-,KO,2020-03-25,USD,41.61,2020-09-11,43.37,4.23,6.0,2020-03-26,43.37,CLOSED,4.23,1066.0,1.0,100.0
-,ASX-SCP,2020-03-25,AUD,2.41,2020-10-03,2.69,11.62,15.0,2020-07-03,2.29,OPEN,-4.98,-13.0,52.0,-43.0
-,ASX-VVR,2020-03-25,AUD,2.26,2020-12-18,2.82,24.78,23.0,2020-05-15,2.44,OPEN,7.96,39.0,19.0,32.0
-,ASX-SCP,2020-03-25,AUD,2.41,2020-11-15,2.73,13.28,14.0,2020-07-03,2.29,OPEN,-4.98,-13.0,43.0,-38.0
-,ASX-SCP,2020-03-25,AUD,2.41,2020-08-31,2.74,13.69,22.0,2020-07-03,2.29,OPEN,-4.98,-13.0,63.0,-36.0
-,ASX-VVR,2020-03-25,AUD,2.26,2021-01-31,2.61,15.49,13.0,2020-05-15,2.44,OPEN,7.96,39.0,16.0,51.0
-,ASX-CTX,2020-03-25,AUD,21.0,2021-03-24,26.28,25.14,17.0,2020-05-18,25.32,OPEN,20.57,96.0,15.0,82.0
-,2638.HK,2020-03-25,HKD,7.46,2021-02-14,8.36,12.06,9.0,2020-07-03,7.97,OPEN,6.84,17.0,31.0,57.0
-,2588.HK,2020-03-25,HKD,48.1,2020-08-09,57.66,19.88,37.0,2020-07-03,50.1,OPEN,4.16,10.0,73.0,21.0
-,2588.HK,2020-03-25,HKD,48.1,2020-09-02,56.51,17.48,27.0,2020-07-03,50.1,OPEN,4.16,10.0,62.0,24.0
-,0173.HK,2020-03-25,HKD,3.25,2021-03-24,4.85,49.23,34.0,2020-07-03,3.49,OPEN,7.38,19.0,27.0,15.0
-,ASX-BEN,2020-03-26,AUD,6.15,2020-08-11,7.13,15.93,29.0,2020-06-04,7.13,CLOSED,15.93,57.0,51.0,100.0
-,ASX-BOQ,2020-03-26,AUD,4.94,2020-04-29,5.45,10.32,76.0,2020-04-29,4.75,CLOSED,-3.85,-29.0,100.0,-37.0
-,ASX-BOQ,2020-03-26,AUD,4.94,2020-07-22,5.28,6.88,15.0,2020-05-27,5.28,CLOSED,6.88,28.0,53.0,100.0
-,ASX-CCL,2020-03-26,AUD,8.45,2020-07-07,9.14,8.17,20.0,2020-03-31,9.14,CLOSED,8.17,412.0,5.0,100.0
-,ASX-CWN,2020-03-26,AUD,7.41,2020-06-01,8.05,8.64,32.0,2020-04-06,8.05,CLOSED,8.64,198.0,16.0,100.0
-,ASX-CWN,2020-03-26,AUD,7.41,2020-07-19,8.03,8.37,18.0,2020-04-06,8.03,CLOSED,8.37,192.0,10.0,100.0
-,ASX-CWN,2020-03-26,AUD,7.41,2021-01-25,8.96,20.92,17.0,2020-04-29,8.96,CLOSED,20.92,155.0,11.0,100.0
-,ASX-AGL,2020-03-26,AUD,16.07,2020-07-18,17.5,8.9,20.0,2020-03-31,17.5,CLOSED,8.9,449.0,4.0,100.0
-,ASX-ORG,2020-03-26,AUD,4.45,2020-05-09,4.85,8.99,51.0,2020-04-02,4.85,CLOSED,8.99,324.0,16.0,100.0
-,ASX-CWN,2020-03-26,AUD,7.41,2020-05-27,7.85,5.94,24.0,2020-03-31,7.85,CLOSED,5.94,299.0,8.0,100.0
-,ASX-AGL,2020-03-26,AUD,16.07,2020-07-23,17.53,9.09,19.0,2020-03-31,17.53,CLOSED,9.09,458.0,4.0,100.0
-,ASX-CWN,2020-03-26,AUD,7.41,2020-09-15,8.08,9.04,13.0,2020-04-06,8.08,CLOSED,9.04,207.0,6.0,100.0
-,ASX-AGL,2020-03-26,AUD,16.07,2020-08-28,17.14,6.66,11.0,2020-03-31,17.14,CLOSED,6.66,336.0,3.0,100.0
-,ASX-BEN,2020-03-26,AUD,6.15,2020-08-30,6.62,7.64,12.0,2020-03-31,6.62,CLOSED,7.64,385.0,3.0,100.0
-,ASX-ORG,2020-03-26,AUD,4.45,2020-05-26,4.83,8.54,35.0,2020-04-02,4.83,CLOSED,8.54,307.0,11.0,100.0
-,ASX-CCL,2020-03-26,AUD,8.45,2020-06-03,9.09,7.57,28.0,2020-03-31,9.09,CLOSED,7.57,382.0,7.0,100.0
-,ASX-CWN,2020-03-26,AUD,7.41,2020-06-06,7.79,5.13,18.0,2020-03-31,7.79,CLOSED,5.13,259.0,7.0,100.0
-,ASX-BEN,2020-03-26,AUD,6.15,2020-05-15,6.93,12.68,64.0,2020-05-15,5.7,CLOSED,-7.32,-37.0,100.0,-58.0
-,ASX-BOQ,2020-03-26,AUD,4.94,2020-08-06,5.27,6.68,13.0,2020-05-27,5.27,CLOSED,6.68,27.0,47.0,100.0
-,ASX-CWN,2020-03-26,AUD,7.41,2020-06-06,7.8,5.26,18.0,2020-03-31,7.8,CLOSED,5.26,265.0,7.0,100.0
-,ASX-BOQ,2020-03-26,AUD,4.94,2020-05-23,5.18,4.86,21.0,2020-03-31,5.18,CLOSED,4.86,245.0,9.0,100.0
-,ASX-CWN,2020-03-26,AUD,7.41,2020-09-18,7.95,7.29,10.0,2020-03-31,7.95,CLOSED,7.29,367.0,3.0,100.0
-,ASX-BEN,2020-03-26,AUD,6.15,2020-05-22,6.56,6.67,29.0,2020-03-31,6.56,CLOSED,6.67,336.0,9.0,100.0
-,ASX-BOQ,2020-03-26,AUD,4.94,2020-08-14,5.22,5.67,10.0,2020-03-31,5.22,CLOSED,5.67,286.0,4.0,100.0
-,ASX-BOQ,2020-03-26,AUD,4.94,2020-07-04,5.12,3.64,9.0,2020-03-31,5.12,CLOSED,3.64,183.0,5.0,100.0
-,0002.HK,2020-03-26,HKD,70.05,2020-10-25,78.12,11.52,14.0,2020-04-06,78.12,CLOSED,11.52,264.0,5.0,100.0
-,0002.HK,2020-03-26,HKD,70.05,2020-07-06,74.28,6.04,15.0,2020-04-03,74.28,CLOSED,6.04,190.0,8.0,100.0
-,0002.HK,2020-03-26,HKD,70.05,2020-11-09,79.03,12.82,14.0,2020-04-07,79.03,CLOSED,12.82,269.0,5.0,100.0
-,0002.HK,2020-03-26,HKD,70.05,2020-08-05,74.4,6.21,12.0,2020-04-03,74.4,CLOSED,6.21,196.0,6.0,100.0
-,0002.HK,2020-03-26,HKD,70.05,2020-05-31,72.07,2.88,11.0,2020-04-03,72.07,CLOSED,2.88,91.0,12.0,100.0
-,0002.HK,2020-03-26,HKD,70.05,2021-02-18,75.23,7.39,6.0,2020-04-03,75.23,CLOSED,7.39,233.0,2.0,100.0
-,0002.HK,2020-03-26,HKD,70.05,2020-05-25,71.56,2.16,9.0,2020-03-27,71.56,CLOSED,2.16,544.0,2.0,100.0
-,NKE,2020-03-26,USD,84.3,2020-11-22,95.91,13.77,14.0,2020-05-26,95.91,CLOSED,13.77,57.0,25.0,100.0
-,IXN,2020-03-26,USD,187.78,2020-08-14,200.94,7.01,13.0,2020-04-14,200.94,CLOSED,7.01,93.0,13.0,100.0
-,RIO,2020-03-26,USD,45.4,2020-12-05,53.5,17.84,18.0,2020-05-29,53.5,CLOSED,17.84,70.0,25.0,100.0
-,QQQ,2020-03-26,USD,191.9,2020-08-31,203.38,5.98,10.0,2020-04-13,203.38,CLOSED,5.98,84.0,11.0,100.0
-,DIS,2020-03-26,USD,105.36,2020-12-07,118.44,12.41,12.0,2020-05-18,118.44,CLOSED,12.41,59.0,21.0,100.0
-,IXN,2020-03-26,USD,187.78,2020-06-16,194.93,3.81,12.0,2020-04-07,194.93,CLOSED,3.81,80.0,15.0,100.0
-,QQQ,2020-03-26,USD,191.9,2020-07-02,196.18,2.23,6.0,2020-04-06,196.18,CLOSED,2.23,51.0,11.0,100.0
-,IXN,2020-03-26,USD,187.78,2020-05-08,190.63,1.52,9.0,2020-04-06,190.63,CLOSED,1.52,35.0,26.0,100.0
-,DIS,2020-03-26,USD,105.36,2020-07-16,110.05,4.45,10.0,2020-04-28,110.05,CLOSED,4.45,34.0,29.0,100.0
-,ASX-CTX,2020-03-26,AUD,22.62,2021-03-25,28.31,25.15,17.0,2020-05-18,25.32,OPEN,11.94,57.0,15.0,47.0
-,0002.HK,2020-03-26,HKD,70.05,2021-03-20,87.02,24.23,17.0,2020-07-03,77.7,OPEN,10.92,28.0,28.0,45.0
-,0002.HK,2020-03-26,HKD,70.05,2021-01-30,84.35,20.41,17.0,2020-07-03,77.7,OPEN,10.92,28.0,32.0,53.0
-,1270.HK,2020-03-26,HKD,1.31,2020-11-07,1.47,12.21,14.0,2020-07-03,1.2,OPEN,-8.4,-21.0,44.0,-69.0
-,2768.HK,2020-03-27,HKD,3.12,2020-05-02,3.5,12.18,85.0,2020-04-29,3.23,CLOSED,3.53,27.0,92.0,29.0
-,2768.HK,2020-03-27,HKD,3.12,2020-05-02,3.67,17.63,123.0,2020-04-29,3.23,CLOSED,3.53,27.0,92.0,20.0
-,0002.HK,2020-03-27,HKD,71.35,2020-10-26,79.57,11.52,14.0,2020-04-07,79.57,CLOSED,11.52,264.0,5.0,100.0
-,0002.HK,2020-03-27,HKD,71.35,2020-07-07,75.66,6.04,15.0,2020-04-06,75.66,CLOSED,6.04,152.0,10.0,100.0
-,0002.HK,2020-03-27,HKD,71.35,2020-11-10,80.5,12.82,14.0,2020-04-14,80.5,CLOSED,12.82,179.0,8.0,100.0
-,2588.HK,2020-03-27,HKD,51.6,2020-05-22,55.91,8.35,38.0,2020-04-23,55.91,CLOSED,8.35,78.0,48.0,100.0
-,0002.HK,2020-03-27,HKD,71.35,2020-08-06,75.78,6.21,12.0,2020-04-06,75.78,CLOSED,6.21,156.0,8.0,100.0
-,0388.HK,2020-03-27,HKD,234.6,2021-01-19,285.86,21.85,18.0,2020-06-02,285.86,CLOSED,21.85,82.0,22.0,100.0
-,0002.HK,2020-03-27,HKD,71.35,2020-06-01,73.4,2.87,11.0,2020-04-03,73.4,CLOSED,2.87,103.0,11.0,100.0
-,0388.HK,2020-03-27,HKD,234.6,2020-10-02,270.07,15.12,20.0,2020-05-21,270.07,CLOSED,15.12,69.0,29.0,100.0
-,0002.HK,2020-03-27,HKD,71.35,2021-02-19,76.63,7.4,6.0,2020-04-06,76.63,CLOSED,7.4,186.0,3.0,100.0
-,0002.HK,2020-03-27,HKD,71.35,2020-05-26,72.89,2.16,9.0,2020-04-03,72.89,CLOSED,2.16,78.0,12.0,100.0
-,0288.HK,2020-03-27,HKD,7.27,2020-06-26,7.67,5.5,15.0,2020-04-07,7.67,CLOSED,5.5,126.0,12.0,100.0
-,XAR,2020-03-27,USD,77.76,2021-01-18,88.72,14.09,12.0,2020-05-27,88.72,CLOSED,14.09,58.0,21.0,100.0
-,MA,2020-03-27,USD,247.65,2020-07-19,286.7,15.77,35.0,2020-05-18,286.7,CLOSED,15.77,76.0,46.0,100.0
-,AMZN,2020-03-27,USD,1900.1,2020-10-07,2512.5,32.23,42.0,2020-05-21,2512.5,CLOSED,32.23,148.0,28.0,100.0
-,AMZN,2020-03-27,USD,1900.1,2020-11-07,2416.55,27.18,30.0,2020-04-16,2416.55,CLOSED,27.18,342.0,9.0,100.0
-,XAR,2020-03-27,USD,77.76,2020-06-27,81.76,5.14,14.0,2020-04-09,81.76,CLOSED,5.14,100.0,14.0,100.0
-,MA,2020-03-27,USD,247.65,2020-06-11,265.68,7.28,24.0,2020-04-06,265.68,CLOSED,7.28,183.0,13.0,100.0
-,XAR,2020-03-27,USD,77.76,2020-07-28,82.78,6.46,13.0,2020-04-29,82.78,CLOSED,6.46,49.0,27.0,100.0
-,MA,2020-03-27,USD,247.65,2020-05-03,257.41,3.94,27.0,2020-04-06,257.41,CLOSED,3.94,99.0,27.0,100.0
-,XAR,2020-03-27,USD,77.76,2020-05-06,78.97,1.56,10.0,2020-04-07,78.97,CLOSED,1.56,36.0,28.0,100.0
-,AMZN,2020-03-27,USD,1900.1,2020-06-11,2031.59,6.92,23.0,2020-04-07,2031.59,CLOSED,6.92,159.0,14.0,100.0
-,2588.HK,2020-03-27,HKD,51.6,2020-08-23,60.88,17.98,30.0,2020-07-03,50.1,OPEN,-2.91,-7.0,66.0,-16.0
-,2588.HK,2020-03-27,HKD,51.6,2020-08-26,59.16,14.65,24.0,2020-07-03,50.1,OPEN,-2.91,-7.0,64.0,-20.0
-,0288.HK,2020-03-27,HKD,7.27,2020-09-13,8.4,15.54,23.0,2020-07-03,6.94,OPEN,-4.54,-12.0,58.0,-29.0
-,0288.HK,2020-03-27,HKD,7.27,2020-07-09,8.82,21.32,52.0,2020-07-03,6.94,OPEN,-4.54,-12.0,94.0,-21.0
-,0002.HK,2020-03-27,HKD,71.35,2021-03-21,88.63,24.22,17.0,2020-07-03,77.7,OPEN,8.9,23.0,27.0,37.0
-,0002.HK,2020-03-27,HKD,71.35,2021-01-31,85.92,20.42,17.0,2020-07-03,77.7,OPEN,8.9,23.0,32.0,44.0
-,MA,2020-03-27,USD,247.65,2021-01-08,323.58,30.66,27.0,2020-07-02,302.42,OPEN,22.12,57.0,34.0,72.0
-,ASX-VCX,2020-03-30,AUD,0.98,2021-01-19,1.16,18.37,16.0,2020-04-01,1.16,CLOSED,18.37,2315.0,1.0,100.0
-,ASX-VCX,2020-03-30,AUD,0.98,2021-01-19,1.11,13.27,11.0,2020-03-31,1.11,CLOSED,13.27,3344.0,0.0,100.0
-,ASX-BOQ,2020-03-30,AUD,5.05,2020-05-03,5.58,10.5,78.0,2020-05-01,4.84,CLOSED,-4.16,-33.0,94.0,-40.0
-,ASX-BOQ,2020-03-30,AUD,5.05,2020-07-26,5.4,6.93,15.0,2020-05-27,5.4,CLOSED,6.93,30.0,49.0,100.0
-,ASX-CCL,2020-03-30,AUD,8.68,2020-07-11,9.38,8.06,20.0,2020-04-01,9.38,CLOSED,8.06,1016.0,2.0,100.0
-,ASX-A2M,2020-03-30,AUD,16.88,2020-06-21,21.55,27.67,84.0,2020-06-19,18.57,CLOSED,10.01,31.0,98.0,36.0
-,ASX-CCL,2020-03-30,AUD,8.68,2020-06-07,9.33,7.49,27.0,2020-04-01,9.33,CLOSED,7.49,944.0,3.0,100.0
-,ASX-A2M,2020-03-30,AUD,16.88,2020-04-30,18.65,10.49,85.0,2020-04-16,18.65,CLOSED,10.49,155.0,55.0,100.0
-,STW,2020-03-30,USD,47.94,2020-09-16,49.29,2.82,4.0,2020-03-31,49.29,CLOSED,2.82,711.0,1.0,100.0
-,STW,2020-03-30,USD,47.94,2020-10-22,49.45,3.15,4.0,2020-03-31,49.45,CLOSED,3.15,794.0,0.0,100.0
-,ASX-NAN,2020-03-30,AUD,5.63,2021-01-07,6.87,22.02,20.0,2020-04-30,6.87,CLOSED,22.02,179.0,11.0,100.0
-,ASX-BOQ,2020-03-30,AUD,5.05,2020-08-10,5.39,6.73,13.0,2020-05-27,5.39,CLOSED,6.73,29.0,44.0,100.0
-,ASX-VCX,2020-03-30,AUD,0.98,2020-05-22,1.0,2.04,10.0,2020-03-31,1.0,CLOSED,2.04,514.0,2.0,100.0
-,ASX-BOQ,2020-03-30,AUD,5.05,2020-05-27,5.29,4.75,21.0,2020-05-27,5.29,CLOSED,4.75,21.0,100.0,100.0
-,ASX-BOQ,2020-03-30,AUD,5.05,2020-08-18,5.34,5.74,10.0,2020-05-27,5.34,CLOSED,5.74,25.0,41.0,100.0
-,ASX-BOQ,2020-03-30,AUD,5.05,2020-07-08,5.24,3.76,9.0,2020-03-31,5.24,CLOSED,3.76,948.0,1.0,100.0
-,WMT,2020-03-30,USD,115.19,2021-02-15,128.01,11.13,9.0,2020-04-14,128.01,CLOSED,11.13,187.0,5.0,100.0
-,DLR,2020-03-30,USD,139.81,2020-10-27,156.35,11.83,14.0,2020-04-28,156.35,CLOSED,11.83,103.0,14.0,100.0
-,MMM,2020-03-30,USD,137.74,2020-09-10,148.91,8.11,12.0,2020-04-07,148.91,CLOSED,8.11,255.0,5.0,100.0
-,KO,2020-03-30,USD,45.0,2020-11-09,48.42,7.6,9.0,2020-04-07,48.42,CLOSED,7.6,239.0,4.0,100.0
-,KO,2020-03-30,USD,45.0,2021-03-02,49.68,10.4,8.0,2020-04-09,49.68,CLOSED,10.4,262.0,3.0,100.0
-,KO,2020-03-30,USD,45.0,2020-08-02,45.98,2.18,4.0,2020-04-06,45.98,CLOSED,2.18,78.0,6.0,100.0
-,DLR,2020-03-30,USD,139.81,2020-07-12,148.11,5.94,14.0,2020-04-09,148.11,CLOSED,5.94,150.0,10.0,100.0
-,ASX-A2M,2020-03-30,AUD,16.88,2020-09-10,26.0,54.03,83.0,2020-07-03,19.83,OPEN,17.48,46.0,58.0,32.0
-,ASX-NAN,2020-03-30,AUD,5.63,2021-02-27,7.81,38.72,29.0,2020-07-03,6.88,OPEN,22.2,59.0,28.0,57.0
-,ASX-VCX,2020-03-31,AUD,1.03,2021-01-20,1.22,18.45,16.0,2020-04-07,1.22,CLOSED,18.45,664.0,2.0,100.0
-,ASX-VCX,2020-03-31,AUD,1.03,2021-01-20,1.17,13.59,12.0,2020-04-01,1.17,CLOSED,13.59,3425.0,0.0,100.0
-,ASX-REA,2020-03-31,AUD,76.99,2020-10-10,101.57,31.93,42.0,2020-05-26,101.57,CLOSED,31.93,144.0,29.0,100.0
-,ASX-REA,2020-03-31,AUD,76.99,2020-10-08,95.37,23.87,31.0,2020-05-08,95.37,CLOSED,23.87,158.0,20.0,100.0
-,ASX-REA,2020-03-31,AUD,76.99,2020-07-02,85.88,11.55,31.0,2020-04-14,85.88,CLOSED,11.55,208.0,15.0,100.0
-,ASX-AGL,2020-03-31,AUD,17.19,2020-08-31,17.81,3.61,6.0,2020-04-01,17.81,CLOSED,3.61,910.0,1.0,100.0
-,ASX-VCX,2020-03-31,AUD,1.03,2020-05-23,1.06,2.91,14.0,2020-04-01,1.06,CLOSED,2.91,733.0,2.0,100.0
-,0268.HK,2020-03-31,HKD,10.34,2021-02-17,15.83,53.09,41.0,2020-06-19,15.83,CLOSED,53.09,167.0,25.0,100.0
-,ASX-AGL,2020-03-31,AUD,17.19,2021-02-20,18.49,7.56,6.0,2020-07-03,17.59,OPEN,2.33,6.0,29.0,31.0
-,ASX-VCX,2020-04-01,AUD,1.16,2021-01-21,1.38,18.97,16.0,2020-04-09,1.38,CLOSED,18.97,598.0,3.0,100.0
-,ASX-VCX,2020-04-01,AUD,1.16,2021-01-21,1.31,12.93,11.0,2020-04-08,1.31,CLOSED,12.93,465.0,2.0,100.0
-,ASX-BHP,2020-04-01,AUD,30.23,2020-07-15,33.11,9.53,23.0,2020-05-18,33.11,CLOSED,9.53,51.0,45.0,100.0
-,ASX-BHP,2020-04-01,AUD,30.23,2020-12-24,33.92,12.21,12.0,2020-05-19,33.92,CLOSED,12.21,64.0,18.0,100.0
-,ASX-VCX,2020-04-01,AUD,1.16,2020-05-24,1.19,2.59,12.0,2020-04-07,1.19,CLOSED,2.59,109.0,11.0,100.0
-,JNJ,2020-04-06,USD,139.76,2020-12-22,150.33,7.56,7.0,2020-04-16,150.33,CLOSED,7.56,191.0,4.0,100.0
-,NFLX,2020-04-06,USD,379.96,2020-09-27,488.02,28.44,41.0,2020-07-01,488.02,CLOSED,28.44,83.0,49.0,100.0
-,NFLX,2020-04-06,USD,379.96,2020-09-14,458.46,20.66,32.0,2020-05-19,458.46,CLOSED,20.66,121.0,27.0,100.0
-,ASX-VCX,2020-04-07,AUD,1.2,2020-10-14,1.34,11.67,15.0,2020-04-08,1.34,CLOSED,11.67,2941.0,1.0,100.0
-,2638.HK,2020-04-07,HKD,7.84,2020-12-04,8.72,11.22,12.0,2020-07-03,7.97,OPEN,1.66,5.0,36.0,15.0
-,2638.HK,2020-04-07,HKD,7.84,2020-10-06,8.36,6.63,9.0,2020-07-03,7.97,OPEN,1.66,5.0,48.0,25.0
-,ASX-ANN,2020-04-08,AUD,29.07,2021-03-18,33.64,15.72,12.0,2020-05-18,33.64,CLOSED,15.72,99.0,12.0,100.0
-,ASX-ANN,2020-04-08,AUD,29.07,2020-07-09,30.36,4.44,12.0,2020-05-08,30.36,CLOSED,4.44,37.0,33.0,100.0
-,ASX-CSL,2020-04-08,AUD,311.94,2020-12-30,320.46,2.73,3.0,2020-04-09,320.46,CLOSED,2.73,688.0,0.0,100.0
-,ASX-CSL,2020-04-08,AUD,311.94,2020-12-09,331.56,6.29,6.0,2020-04-17,331.56,CLOSED,6.29,176.0,4.0,100.0
-,2768.HK,2020-04-08,HKD,3.2,2020-04-28,3.49,9.06,114.0,2020-04-28,3.2,CLOSED,0.0,0.0,100.0,0.0
-,2768.HK,2020-04-08,HKD,3.2,2020-05-10,3.82,19.37,153.0,2020-05-08,3.2,CLOSED,0.0,0.0,94.0,0.0
-,ASX-VVR,2020-04-09,AUD,2.45,2020-05-26,2.58,5.31,28.0,2020-04-17,2.58,CLOSED,5.31,167.0,17.0,100.0
-,ASX-VVR,2020-04-09,AUD,2.45,2020-04-30,2.53,3.27,39.0,2020-04-17,2.53,CLOSED,3.27,103.0,38.0,100.0
-,0388.HK,2020-04-09,HKD,247.4,2021-03-20,294.7,19.12,14.0,2020-06-04,294.7,CLOSED,19.12,86.0,16.0,100.0
-,0823.HK,2020-04-09,HKD,67.5,2020-07-04,70.56,4.53,13.0,2020-04-17,70.56,CLOSED,4.53,143.0,9.0,100.0
-,0388.HK,2020-04-09,HKD,247.4,2020-10-29,274.07,10.78,13.0,2020-05-21,274.07,CLOSED,10.78,65.0,21.0,100.0
-,3808.HK,2020-04-09,HKD,15.04,2020-09-03,17.87,18.82,32.0,2020-05-08,17.87,CLOSED,18.82,164.0,20.0,100.0
-,ASX-VVR,2020-04-09,AUD,2.45,2020-09-21,2.73,11.43,17.0,2020-05-15,2.44,OPEN,-0.41,-3.0,22.0,-4.0
-,ASX-VVR,2020-04-09,AUD,2.45,2020-12-20,2.6,6.12,6.0,2020-05-15,2.44,OPEN,-0.41,-3.0,14.0,-7.0
-,ASX-NAN,2020-04-09,AUD,6.25,2021-02-16,9.1,45.6,37.0,2020-07-03,6.88,OPEN,10.08,30.0,27.0,22.0
-,ASX-NAN,2020-04-09,AUD,6.25,2020-12-22,7.87,25.92,25.0,2020-07-03,6.88,OPEN,10.08,30.0,33.0,39.0
-,2208.HK,2020-04-09,HKD,7.31,2020-12-15,15.15,107.25,108.0,2020-07-03,6.8,OPEN,-6.98,-21.0,34.0,-7.0
-,0823.HK,2020-04-09,HKD,67.5,2020-09-15,77.38,14.64,23.0,2020-07-03,64.8,OPEN,-4.0,-12.0,53.0,-27.0
-,0823.HK,2020-04-09,HKD,67.5,2020-12-14,79.68,18.04,18.0,2020-07-03,64.8,OPEN,-4.0,-12.0,34.0,-22.0
-,0808.HK,2020-04-09,HKD,2.45,2020-09-22,2.66,8.57,13.0,2020-07-03,2.37,OPEN,-3.27,-10.0,51.0,-38.0
-,2208.HK,2020-04-09,HKD,7.31,2020-12-10,9.45,29.27,30.0,2020-07-03,6.8,OPEN,-6.98,-21.0,35.0,-24.0
-,0066.HK,2020-04-09,HKD,42.3,2021-02-24,48.98,15.79,12.0,2020-07-03,41.55,OPEN,-1.77,-5.0,26.0,-11.0
-,0670.HK,2020-04-09,HKD,2.88,2021-02-28,4.36,51.39,40.0,2020-07-03,2.88,OPEN,0.0,0.0,26.0,0.0
-,0808.HK,2020-04-09,HKD,2.45,2020-09-11,2.65,8.16,13.0,2020-07-03,2.37,OPEN,-3.27,-10.0,55.0,-40.0
-,2588.HK,2020-04-14,HKD,49.85,2020-06-06,53.57,7.46,35.0,2020-04-23,53.57,CLOSED,7.46,209.0,17.0,100.0
-,ASX-AGL,2020-04-14,AUD,17.75,2021-01-11,19.0,7.04,7.0,2020-07-03,17.59,OPEN,-0.9,-3.0,29.0,-13.0
-,2588.HK,2020-04-14,HKD,49.85,2020-09-24,58.61,17.57,27.0,2020-07-03,50.1,OPEN,0.5,2.0,49.0,3.0
-,2588.HK,2020-04-14,HKD,49.85,2020-09-27,57.5,15.35,23.0,2020-07-03,50.1,OPEN,0.5,2.0,48.0,3.0
-,STW,2020-04-15,USD,50.64,2020-09-29,52.25,3.18,5.0,2020-05-21,52.25,CLOSED,3.18,22.0,22.0,100.0
-,STW,2020-04-15,USD,50.64,2020-09-07,52.09,2.86,5.0,2020-05-19,52.09,CLOSED,2.86,21.0,23.0,100.0
-,2638.HK,2020-04-15,HKD,8.01,2020-11-08,8.74,9.11,11.0,2020-07-03,7.97,OPEN,-0.5,-2.0,38.0,-5.0
-,2638.HK,2020-04-15,HKD,8.01,2020-09-21,8.58,7.12,11.0,2020-07-03,7.97,OPEN,-0.5,-2.0,50.0,-7.0
-,2588.HK,2020-04-17,HKD,49.65,2020-06-12,53.8,8.36,38.0,2020-04-23,53.8,CLOSED,8.36,351.0,11.0,100.0
-,2588.HK,2020-04-17,HKD,49.65,2020-09-13,58.58,17.99,30.0,2020-07-03,50.1,OPEN,0.91,3.0,52.0,5.0
-,2588.HK,2020-04-17,HKD,49.65,2020-09-16,56.92,14.64,24.0,2020-07-03,50.1,OPEN,0.91,3.0,51.0,6.0
-,ASX-BKW,2020-04-24,AUD,12.29,2021-01-11,13.73,11.72,11.0,2020-05-11,13.73,CLOSED,11.72,174.0,6.0,100.0
-,ASX-BKW,2020-04-24,AUD,12.29,2020-07-10,12.85,4.56,15.0,2020-04-29,12.85,CLOSED,4.56,230.0,6.0,100.0
-,0288.HK,2020-04-24,HKD,7.62,2020-10-11,8.81,15.62,23.0,2020-07-03,6.94,OPEN,-8.92,-32.0,41.0,-57.0
-,0288.HK,2020-04-24,HKD,7.62,2020-08-06,9.25,21.39,52.0,2020-07-03,6.94,OPEN,-8.92,-32.0,67.0,-42.0
-,0288.HK,2020-04-24,HKD,7.62,2020-07-24,8.04,5.51,15.0,2020-07-03,6.94,OPEN,-8.92,-32.0,77.0,-162.0
-,ASX-BKW,2020-04-27,AUD,12.43,2021-01-14,13.89,11.75,11.0,2020-05-25,13.89,CLOSED,11.75,106.0,11.0,100.0
-,ASX-BKW,2020-04-27,AUD,12.43,2020-07-13,13.0,4.59,15.0,2020-04-29,13.0,CLOSED,4.59,578.0,3.0,100.0
-,ASX-REA,2020-04-28,AUD,85.5,2020-11-05,105.91,23.87,31.0,2020-06-03,105.91,CLOSED,23.87,167.0,19.0,100.0
-,ASX-REA,2020-04-28,AUD,85.5,2020-07-30,95.38,11.56,31.0,2020-05-08,95.38,CLOSED,11.56,291.0,11.0,100.0
-,2768.HK,2020-04-28,HKD,3.2,2020-06-03,3.59,12.19,85.0,2020-06-03,3.09,CLOSED,-3.44,-24.0,100.0,-28.0
-,2768.HK,2020-04-28,HKD,3.2,2020-06-03,3.77,17.81,125.0,2020-06-03,3.09,CLOSED,-3.44,-24.0,100.0,-19.0
-,0388.HK,2020-04-28,HKD,252.6,2021-02-20,307.79,21.85,18.0,2020-06-22,307.79,CLOSED,21.85,100.0,18.0,100.0
-,0388.HK,2020-04-28,HKD,252.6,2020-11-03,290.79,15.12,20.0,2020-06-03,290.79,CLOSED,15.12,106.0,19.0,100.0
-,ASX-REA,2020-04-28,AUD,85.5,2020-11-07,112.79,31.92,42.0,2020-07-03,110.71,OPEN,29.49,113.0,34.0,92.0
-,2638.HK,2020-04-28,HKD,7.99,2020-12-25,8.88,11.14,12.0,2020-07-03,7.97,OPEN,-0.25,-1.0,27.0,-2.0
-,2638.HK,2020-04-28,HKD,7.99,2020-10-27,8.52,6.63,9.0,2020-07-03,7.97,OPEN,-0.25,-1.0,36.0,-4.0
-,ASX-BHP,2020-04-29,AUD,31.12,2021-03-09,35.21,13.14,11.0,2020-05-26,35.21,CLOSED,13.14,123.0,9.0,100.0
-,ASX-BHP,2020-04-29,AUD,31.12,2020-09-15,33.76,8.48,15.0,2020-05-19,33.76,CLOSED,8.48,107.0,14.0,100.0
-,ASX-NAN,2020-04-29,AUD,6.72,2021-03-29,9.33,38.84,29.0,2020-07-03,6.88,OPEN,2.38,9.0,19.0,6.0
-,ASX-NAN,2020-04-29,AUD,6.72,2021-02-06,8.2,22.02,20.0,2020-07-03,6.88,OPEN,2.38,9.0,23.0,11.0
-,0435.HK,2020-04-29,HKD,3.99,2020-10-16,4.38,9.77,14.0,2020-07-03,4.03,OPEN,1.0,4.0,38.0,10.0
-,0808.HK,2020-04-29,HKD,2.49,2020-10-12,2.71,8.84,13.0,2020-07-03,2.37,OPEN,-4.82,-19.0,39.0,-55.0
-,0435.HK,2020-04-29,HKD,3.99,2020-12-12,4.42,10.78,12.0,2020-07-03,4.03,OPEN,1.0,4.0,29.0,9.0
-,2800.HK,2020-04-29,HKD,24.75,2021-01-03,27.53,11.23,11.0,2020-07-03,25.92,OPEN,4.73,18.0,26.0,42.0
-,0808.HK,2020-04-29,HKD,2.49,2020-10-01,2.69,8.03,13.0,2020-07-03,2.37,OPEN,-4.82,-19.0,42.0,-60.0
-,1766.HK,2020-04-29,HKD,4.11,2021-04-03,5.1,24.09,18.0,2020-07-03,3.46,OPEN,-15.82,-61.0,19.0,-66.0
-,ASX-VCX,2020-04-30,AUD,1.49,2020-11-06,1.66,11.41,15.0,2020-05-26,1.66,CLOSED,11.41,111.0,14.0,100.0
-,STW,2020-04-30,USD,51.11,2020-10-17,52.55,2.82,4.0,2020-05-26,52.55,CLOSED,2.82,27.0,15.0,100.0
-,STW,2020-04-30,USD,51.11,2020-11-22,52.71,3.13,4.0,2020-05-26,52.71,CLOSED,3.13,30.0,13.0,100.0
-,STW,2020-05-07,USD,49.76,2020-10-21,51.34,3.18,5.0,2020-05-19,51.34,CLOSED,3.18,67.0,7.0,100.0
-,STW,2020-05-07,USD,49.76,2020-09-29,51.18,2.85,5.0,2020-05-19,51.18,CLOSED,2.85,60.0,8.0,100.0
-,2768.HK,2020-05-07,HKD,3.19,2020-05-27,3.48,9.09,115.0,2020-05-27,3.1,CLOSED,-2.82,-36.0,100.0,-31.0
-,2768.HK,2020-05-07,HKD,3.19,2020-06-08,3.8,19.12,151.0,2020-06-08,3.1,CLOSED,-2.82,-22.0,100.0,-15.0
-,ASX-BHP,2020-05-08,AUD,31.4,2020-08-21,34.39,9.52,23.0,2020-05-19,34.39,CLOSED,9.52,218.0,10.0,100.0
-,ASX-BHP,2020-05-08,AUD,31.4,2021-01-30,35.23,12.2,12.0,2020-05-26,35.23,CLOSED,12.2,171.0,7.0,100.0
-,STW,2020-05-08,USD,50.06,2020-10-25,51.47,2.82,4.0,2020-05-19,51.47,CLOSED,2.82,65.0,6.0,100.0
-,STW,2020-05-08,USD,50.06,2020-11-30,51.63,3.14,4.0,2020-05-19,51.63,CLOSED,3.14,72.0,5.0,100.0
-,ASX-VCX,2020-05-11,AUD,1.5,2020-11-17,1.67,11.33,15.0,2020-05-26,1.67,CLOSED,11.33,190.0,8.0,100.0
-,ASX-ABP,2020-05-11,AUD,2.5,2021-04-27,2.65,6.0,4.0,2020-05-26,2.65,CLOSED,6.0,101.0,4.0,100.0
-,ASX-BHP,2020-05-11,AUD,31.55,2021-03-21,35.7,13.15,11.0,2020-06-01,35.7,CLOSED,13.15,158.0,7.0,100.0
-,ASX-BHP,2020-05-11,AUD,31.55,2020-09-27,34.23,8.49,15.0,2020-05-19,34.23,CLOSED,8.49,267.0,6.0,100.0
-,2638.HK,2020-05-11,HKD,7.98,2021-01-07,8.87,11.15,12.0,2020-07-03,7.97,OPEN,-0.13,-1.0,22.0,-1.0
-,2638.HK,2020-05-11,HKD,7.98,2020-11-09,8.51,6.64,9.0,2020-07-03,7.97,OPEN,-0.13,-1.0,29.0,-2.0
+,ASX-VVR,2020-05-12,AUD,2.37,2020-06-17,2.43,2.53,18.0,2020-05-15,2.43,CLOSED,2.53,213.0,8.0,100.0
-,ASX-VVR,2020-05-12,AUD,2.37,2020-08-03,2.53,6.75,20.0,2020-05-15,2.44,OPEN,2.95,248.0,4.0,44.0
-,ASX-VVR,2020-05-12,AUD,2.37,2020-12-20,2.8,18.14,21.0,2020-05-15,2.44,OPEN,2.95,248.0,1.0,16.0
-,ASX-VVR,2020-05-12,AUD,2.37,2020-11-28,2.51,5.91,7.0,2020-05-15,2.44,OPEN,2.95,248.0,2.0,50.0
-,0388.HK,2020-05-15,HKD,252.4,2021-03-09,307.55,21.85,18.0,2020-06-22,307.55,CLOSED,21.85,145.0,13.0,100.0
-,0388.HK,2020-05-15,HKD,252.4,2020-11-20,290.56,15.12,20.0,2020-06-03,290.56,CLOSED,15.12,201.0,10.0,100.0
-,0268.HK,2020-05-15,HKD,13.68,2021-04-03,20.94,53.07,41.0,2020-07-03,17.94,OPEN,31.14,160.0,15.0,59.0
-,ASX-CSL,2020-05-18,AUD,306.4,2021-02-24,323.34,5.53,5.0,2020-07-03,297.46,OPEN,-2.92,-16.0,16.0,-53.0
-,ASX-CSL,2020-05-18,AUD,306.4,2021-01-25,335.2,9.4,9.0,2020-07-03,297.46,OPEN,-2.92,-16.0,18.0,-31.0
-,0288.HK,2020-05-18,HKD,6.92,2020-10-15,8.46,22.25,37.0,2020-07-03,6.94,OPEN,0.29,2.0,31.0,1.0
-,0288.HK,2020-05-18,HKD,6.92,2020-11-25,10.54,52.31,69.0,2020-07-03,6.94,OPEN,0.29,2.0,24.0,1.0
-,0288.HK,2020-05-18,HKD,6.92,2020-10-09,7.5,8.38,15.0,2020-07-03,6.94,OPEN,0.29,2.0,32.0,3.0
-,QQQ,2020-05-19,USD,226.86,2020-10-31,239.47,5.56,8.0,2020-06-05,239.47,CLOSED,5.56,82.0,10.0,100.0
-,MA,2020-05-19,USD,290.73,2020-08-03,311.9,7.28,24.0,2020-06-05,311.9,CLOSED,7.28,108.0,22.0,100.0
-,MA,2020-05-19,USD,290.73,2020-06-25,302.18,3.94,27.0,2020-05-26,302.18,CLOSED,3.94,142.0,19.0,100.0
-,0006.HK,2020-05-19,HKD,47.9,2021-05-09,52.33,9.25,7.0,2020-07-03,43.65,OPEN,-8.87,-50.0,13.0,-96.0
-,2800.HK,2020-05-19,HKD,24.6,2021-02-07,27.32,11.06,11.0,2020-07-03,25.92,OPEN,5.37,30.0,17.0,49.0
-,2388.HK,2020-05-19,HKD,24.5,2021-03-16,28.59,16.69,14.0,2020-07-03,23.95,OPEN,-2.24,-13.0,15.0,-13.0
-,0006.HK,2020-05-19,HKD,47.9,2020-10-22,50.23,4.86,8.0,2020-07-03,43.65,OPEN,-8.87,-50.0,29.0,-182.0
-,QQQ,2020-05-19,USD,226.86,2021-04-14,259.98,14.6,11.0,2020-07-02,252.19,OPEN,11.17,64.0,13.0,76.0
-,MA,2020-05-19,USD,290.73,2021-03-02,379.87,30.66,27.0,2020-07-02,302.42,OPEN,4.02,23.0,15.0,13.0
-,MA,2020-05-19,USD,290.73,2020-09-10,336.58,15.77,35.0,2020-07-02,302.42,OPEN,4.02,23.0,39.0,25.0
-,BAX,2020-06-12,USD,83.97,2020-10-22,87.3,3.97,8.0,2020-07-01,87.3,CLOSED,3.97,53.0,14.0,100.0
-,TGT,2020-06-12,USD,116.9,2020-08-25,121.56,3.99,14.0,2020-06-19,121.56,CLOSED,3.99,144.0,9.0,100.0
-,0166.HK,2020-06-15,HKD,0.03,2020-11-28,0.04,33.33,51.0,2020-06-26,0.04,CLOSED,33.33,764.0,7.0,100.0
-,SHOP,2020-06-15,USD,805.47,2020-07-25,919.52,14.16,89.0,2020-06-23,919.52,CLOSED,14.16,446.0,20.0,100.0
-,SHOP,2020-06-15,USD,805.47,2020-07-12,874.42,8.56,80.0,2020-06-19,874.42,CLOSED,8.56,539.0,15.0,100.0
-,PX,2020-06-15,USD,0.19,2020-11-24,0.2,5.26,8.0,2020-06-24,0.2,CLOSED,5.26,147.0,6.0,100.0
-,0459.HK,2020-06-15,HKD,0.09,2020-09-28,0.14,55.56,133.0,2020-07-03,0.09,OPEN,0.0,0.0,17.0,0.0
-,0861.HK,2020-06-15,HKD,4.83,2021-02-24,5.55,14.91,15.0,2020-07-03,5.1,OPEN,5.59,78.0,7.0,37.0
-,0861.HK,2020-06-15,HKD,4.83,2021-02-03,5.41,12.01,13.0,2020-07-03,5.1,OPEN,5.59,78.0,8.0,47.0
-,SHOP,2020-06-15,USD,805.47,2020-10-02,1123.79,39.52,91.0,2020-07-02,1029.97,OPEN,27.87,413.0,16.0,71.0
-,SHOP,2020-06-15,USD,805.47,2020-10-04,1080.05,34.09,77.0,2020-07-02,1029.97,OPEN,27.87,413.0,15.0,82.0
-,WMT,2020-06-15,USD,118.08,2020-11-11,123.46,4.56,8.0,2020-07-02,119.21,OPEN,0.96,14.0,11.0,21.0
+,ASX-BGA,2020-06-16,AUD,4.73,2020-08-13,4.93,4.23,18.0,2020-07-03,4.93,CLOSED,4.23,63.0,29.0,100.0
-,ASX-RMD,2020-06-16,AUD,23.86,2021-01-04,27.09,13.54,17.0,2020-06-26,27.09,CLOSED,13.54,341.0,5.0,100.0
-,ASX-RMD,2020-06-16,AUD,23.86,2020-07-21,24.72,3.6,26.0,2020-06-17,24.72,CLOSED,3.6,907.0,3.0,100.0
-,0166.HK,2020-06-16,HKD,0.03,2020-11-29,0.04,33.33,51.0,2020-06-26,0.04,CLOSED,33.33,840.0,6.0,100.0
-,ASX-BGA,2020-06-16,AUD,4.73,2021-02-09,5.66,19.66,21.0,2020-07-03,4.98,OPEN,5.29,78.0,7.0,27.0
-,ASX-CGC,2020-06-16,AUD,2.87,2020-09-02,3.74,30.31,98.0,2020-07-03,3.08,OPEN,7.32,109.0,22.0,24.0
-,ASX-CGC,2020-06-16,AUD,2.87,2021-01-22,4.47,55.75,64.0,2020-07-03,3.08,OPEN,7.32,109.0,8.0,13.0
-,ASX-RHC,2020-06-16,AUD,65.76,2021-05-31,76.3,16.03,12.0,2020-07-03,67.25,OPEN,2.27,34.0,5.0,14.0
-,ASX-NCM,2020-06-16,AUD,30.44,2021-06-05,34.66,13.86,10.0,2020-07-03,32.73,OPEN,7.52,111.0,5.0,54.0
-,ASX-RHC,2020-06-16,AUD,65.76,2020-12-24,71.25,8.35,11.0,2020-07-03,67.25,OPEN,2.27,34.0,9.0,27.0
-,ASX-NAN,2020-06-16,AUD,6.86,2021-05-12,8.46,23.32,18.0,2020-07-03,6.88,OPEN,0.29,4.0,5.0,1.0
-,ASX-NAN,2020-06-16,AUD,6.86,2020-12-19,7.59,10.64,14.0,2020-07-03,6.88,OPEN,0.29,4.0,9.0,3.0
-,ASX-NAN,2020-06-16,AUD,6.86,2020-08-26,7.5,9.33,33.0,2020-07-03,6.88,OPEN,0.29,4.0,24.0,3.0
-,1251.HK,2020-06-16,HKD,0.32,2020-08-23,0.42,31.25,116.0,2020-07-03,0.33,OPEN,3.13,46.0,25.0,10.0
-,0459.HK,2020-06-16,HKD,0.11,2020-09-29,0.17,54.55,131.0,2020-07-03,0.09,OPEN,-18.18,-269.0,16.0,-33.0
-,1766.HK,2020-06-16,HKD,3.62,2020-08-02,4.38,20.99,113.0,2020-07-03,3.46,OPEN,-4.42,-66.0,36.0,-21.0
-,LOW,2020-06-16,USD,131.74,2021-01-21,147.83,12.21,14.0,2020-07-02,135.71,OPEN,3.01,47.0,7.0,25.0
-,WMT,2020-06-16,USD,119.65,2020-11-12,125.11,4.56,8.0,2020-07-02,119.21,OPEN,-0.37,-6.0,11.0,-8.0
+,ASX-BGA,2020-06-17,AUD,4.75,2020-08-14,4.95,4.21,18.0,2020-07-03,4.95,CLOSED,4.21,66.0,28.0,100.0
-,0166.HK,2020-06-17,HKD,0.03,2020-11-30,0.04,33.33,51.0,2020-06-26,0.04,CLOSED,33.33,933.0,5.0,100.0
-,V,2020-06-17,USD,193.56,2020-07-12,199.73,3.19,32.0,2020-06-23,199.73,CLOSED,3.19,134.0,24.0,100.0
-,ASX-A2M,2020-06-17,AUD,19.1,2020-11-13,28.21,47.7,81.0,2020-07-03,19.83,OPEN,3.82,60.0,11.0,8.0
-,ASX-BGA,2020-06-17,AUD,4.75,2021-02-10,5.68,19.58,21.0,2020-07-03,4.98,OPEN,4.84,76.0,7.0,25.0
-,ASX-NXT,2020-06-17,AUD,9.51,2021-01-21,11.8,24.08,28.0,2020-07-03,11.1,OPEN,16.72,263.0,7.0,69.0
-,ASX-NXT,2020-06-17,AUD,9.51,2021-03-06,11.5,20.93,20.0,2020-07-03,11.1,OPEN,16.72,263.0,6.0,80.0
-,ASX-A2M,2020-06-17,AUD,19.1,2020-09-08,24.39,27.7,84.0,2020-07-03,19.83,OPEN,3.82,60.0,19.0,14.0
-,ASX-A2M,2020-06-17,AUD,19.1,2020-07-19,21.18,10.89,86.0,2020-07-03,19.83,OPEN,3.82,60.0,50.0,35.0
-,ASX-ALU,2020-06-17,AUD,34.7,2020-07-31,38.12,9.86,56.0,2020-07-03,34.59,OPEN,-0.32,-5.0,36.0,-3.0
-,ASX-ALU,2020-06-17,AUD,34.7,2020-09-28,37.01,6.66,16.0,2020-07-03,34.59,OPEN,-0.32,-5.0,16.0,-5.0
-,ASX-ALU,2020-06-17,AUD,34.7,2021-05-01,38.61,11.27,9.0,2020-07-03,34.59,OPEN,-0.32,-5.0,5.0,-3.0
-,ASX-BRG,2020-06-17,AUD,23.13,2021-02-28,26.75,15.65,15.0,2020-07-03,23.47,OPEN,1.47,23.0,6.0,9.0
-,ASX-ALU,2020-06-17,AUD,34.7,2021-06-04,41.48,19.54,14.0,2020-07-03,34.59,OPEN,-0.32,-5.0,5.0,-2.0
-,V,2020-06-17,USD,193.56,2020-09-03,211.46,9.25,30.0,2020-07-02,195.67,OPEN,1.09,18.0,19.0,12.0
-,DHR,2020-06-17,USD,176.33,2020-11-22,191.65,8.69,14.0,2020-07-02,179.68,OPEN,1.9,32.0,9.0,22.0
-,NFLX,2020-06-17,USD,447.77,2020-12-11,583.58,30.33,43.0,2020-07-02,476.89,OPEN,6.5,109.0,8.0,21.0
-,DHR,2020-06-17,USD,176.33,2020-11-03,186.35,5.68,10.0,2020-07-02,179.68,OPEN,1.9,32.0,11.0,33.0
-,KMB,2020-06-17,USD,142.05,2021-04-04,153.06,7.75,7.0,2020-07-02,143.2,OPEN,0.81,14.0,5.0,10.0
-,NFLX,2020-06-17,USD,447.77,2020-11-28,548.34,22.46,35.0,2020-07-02,476.89,OPEN,6.5,109.0,9.0,29.0
-,V,2020-06-17,USD,193.56,2021-01-04,241.91,24.98,31.0,2020-07-02,195.67,OPEN,1.09,18.0,7.0,4.0
+,3969.HK,2020-06-18,HKD,3.34,2020-08-30,3.59,7.49,26.0,2020-07-03,3.59,CLOSED,7.49,126.0,21.0,100.0
+,AWK,2020-06-18,USD,129.17,2020-07-28,131.84,2.07,13.0,2020-07-02,131.84,CLOSED,2.07,37.0,35.0,100.0
-,ASX-NSR,2020-06-18,AUD,1.92,2020-10-10,2.02,5.21,12.0,2020-06-19,2.02,CLOSED,5.21,1313.0,1.0,100.0
-,0166.HK,2020-06-18,HKD,0.03,2020-12-01,0.04,33.33,51.0,2020-06-26,0.04,CLOSED,33.33,1050.0,5.0,100.0
-,SHOP,2020-06-18,USD,863.56,2020-08-03,997.84,15.55,85.0,2020-07-01,997.84,CLOSED,15.55,301.0,28.0,100.0
-,XBI,2020-06-18,USD,105.85,2020-10-14,115.52,9.14,20.0,2020-06-23,115.52,CLOSED,9.14,461.0,4.0,100.0
-,SHOP,2020-06-18,USD,863.56,2020-07-11,905.36,4.84,53.0,2020-06-22,905.36,CLOSED,4.84,305.0,17.0,100.0
-,QQQ,2020-06-18,USD,244.28,2020-09-24,250.09,2.38,6.0,2020-06-23,250.09,CLOSED,2.38,120.0,5.0,100.0
-,ASX-GMG,2020-06-18,AUD,15.04,2020-12-01,15.99,6.32,10.0,2020-07-03,15.81,OPEN,5.12,86.0,9.0,81.0
-,ASX-CAR,2020-06-18,AUD,17.51,2021-04-14,20.14,15.02,13.0,2020-07-03,18.16,OPEN,3.71,62.0,5.0,25.0
-,ASX-CAR,2020-06-18,AUD,17.51,2021-04-09,21.23,21.25,18.0,2020-07-03,18.16,OPEN,3.71,62.0,5.0,17.0
-,ASX-NSR,2020-06-18,AUD,1.92,2021-01-30,2.16,12.5,14.0,2020-07-03,1.92,OPEN,0.0,0.0,7.0,0.0
-,ASX-NSR,2020-06-18,AUD,1.92,2021-05-22,2.04,6.25,5.0,2020-07-03,1.92,OPEN,0.0,0.0,4.0,0.0
-,ASX-CAR,2020-06-18,AUD,17.51,2020-09-29,18.88,7.82,19.0,2020-07-03,18.16,OPEN,3.71,62.0,15.0,47.0
-,2208.HK,2020-06-18,HKD,7.86,2021-05-07,16.48,109.67,86.0,2020-07-03,6.8,OPEN,-13.49,-227.0,5.0,-12.0
-,3969.HK,2020-06-18,HKD,3.34,2021-05-20,3.73,11.68,9.0,2020-07-03,3.54,OPEN,5.99,101.0,4.0,51.0
-,3969.HK,2020-06-18,HKD,3.34,2020-09-26,3.67,9.88,25.0,2020-07-03,3.54,OPEN,5.99,101.0,15.0,61.0
-,2208.HK,2020-06-18,HKD,7.86,2021-03-30,10.13,28.88,26.0,2020-07-03,6.8,OPEN,-13.49,-227.0,5.0,-47.0
-,1766.HK,2020-06-18,HKD,3.61,2020-08-04,4.37,21.05,113.0,2020-07-03,3.46,OPEN,-4.16,-70.0,32.0,-20.0
-,0341.HK,2020-06-18,HKD,15.92,2021-03-07,17.39,9.23,9.0,2020-07-03,16.06,OPEN,0.88,15.0,6.0,10.0
-,SHOP,2020-06-18,USD,863.56,2020-09-12,1111.14,28.67,84.0,2020-07-02,1029.97,OPEN,19.27,347.0,16.0,67.0
-,SHOP,2020-06-18,USD,863.56,2020-10-08,1238.26,43.39,98.0,2020-07-02,1029.97,OPEN,19.27,347.0,12.0,44.0
-,AWK,2020-06-18,USD,129.17,2020-08-29,135.5,4.9,17.0,2020-07-02,131.06,OPEN,1.46,26.0,19.0,30.0
-,AWK,2020-06-18,USD,129.17,2020-12-07,141.73,9.72,14.0,2020-07-02,131.06,OPEN,1.46,26.0,8.0,15.0
-,FB,2020-06-18,USD,235.94,2021-02-26,285.86,21.16,21.0,2020-07-02,233.42,OPEN,-1.07,-19.0,6.0,-5.0
-,FB,2020-06-18,USD,235.94,2020-09-19,263.52,11.69,32.0,2020-07-02,233.42,OPEN,-1.07,-19.0,15.0,-9.0
-,DLR,2020-06-18,USD,143.16,2021-01-15,160.1,11.83,14.0,2020-07-02,148.59,OPEN,3.79,68.0,7.0,32.0
-,XBI,2020-06-18,USD,105.85,2020-11-11,116.37,9.94,17.0,2020-07-02,112.89,OPEN,6.65,120.0,10.0,67.0
-,PEP,2020-06-18,USD,132.78,2021-01-15,140.51,5.82,7.0,2020-07-02,132.85,OPEN,0.05,1.0,7.0,1.0
-,QQQ,2020-06-18,USD,244.28,2020-11-22,259.25,6.13,10.0,2020-07-02,252.19,OPEN,3.24,58.0,9.0,53.0
-,XBI,2020-06-18,USD,105.85,2021-04-29,131.06,23.82,19.0,2020-07-02,112.89,OPEN,6.65,120.0,4.0,28.0
-,LOW,2020-06-18,USD,134.55,2021-04-10,151.02,12.24,10.0,2020-07-02,135.71,OPEN,0.86,15.0,5.0,7.0
-,FB,2020-06-18,USD,235.94,2020-08-15,252.48,7.01,30.0,2020-07-02,233.42,OPEN,-1.07,-19.0,24.0,-15.0
-,GIS,2020-06-18,USD,61.76,2021-01-22,65.55,6.14,7.0,2020-07-02,61.48,OPEN,-0.45,-8.0,6.0,-7.0
-,PEP,2020-06-18,USD,132.78,2020-10-17,135.69,2.19,5.0,2020-07-02,132.85,OPEN,0.05,1.0,12.0,2.0
-,DLR,2020-06-18,USD,143.16,2020-09-30,151.65,5.93,14.0,2020-07-02,148.59,OPEN,3.79,68.0,13.0,64.0
+,ASX-DMP,2020-06-19,AUD,68.32,2020-09-24,72.72,6.44,17.0,2020-07-03,72.72,CLOSED,6.44,116.0,14.0,100.0
+,IXN,2020-06-19,USD,230.09,2020-09-08,239.2,3.96,12.0,2020-07-02,239.2,CLOSED,3.96,77.0,16.0,100.0
-,ASX-GOZ,2020-06-19,AUD,3.36,2020-10-30,3.45,2.68,5.0,2020-06-24,3.45,CLOSED,2.68,135.0,4.0,100.0
-,1415.HK,2020-06-19,HKD,1.75,2020-12-29,2.2,25.71,34.0,2020-06-30,2.2,CLOSED,25.71,589.0,6.0,100.0
-,0166.HK,2020-06-19,HKD,0.03,2020-12-02,0.04,33.33,51.0,2020-06-26,0.04,CLOSED,33.33,1200.0,4.0,100.0
-,2382.HK,2020-06-19,HKD,114.1,2020-08-27,123.57,8.3,30.0,2020-06-26,123.57,CLOSED,8.3,299.0,10.0,100.0
-,2018.HK,2020-06-19,HKD,46.45,2020-10-18,49.22,5.96,12.0,2020-06-24,49.22,CLOSED,5.96,300.0,4.0,100.0
-,IXN,2020-06-19,USD,230.09,2020-08-02,234.05,1.72,10.0,2020-06-22,234.05,CLOSED,1.72,144.0,7.0,100.0
-,ASX-SDF,2020-06-19,AUD,3.45,2021-04-08,4.54,31.59,27.0,2020-07-03,3.41,OPEN,-1.16,-21.0,5.0,-4.0
-,ASX-SDF,2020-06-19,AUD,3.45,2020-12-21,3.84,11.3,15.0,2020-07-03,3.41,OPEN,-1.16,-21.0,8.0,-10.0
-,ASX-REA,2020-06-19,AUD,110.41,2020-12-29,145.65,31.92,42.0,2020-07-03,110.71,OPEN,0.27,5.0,7.0,1.0
-,ASX-REA,2020-06-19,AUD,110.41,2020-12-27,136.76,23.87,31.0,2020-07-03,110.71,OPEN,0.27,5.0,7.0,1.0
-,ASX-SDF,2020-06-19,AUD,3.45,2020-08-27,3.65,5.8,21.0,2020-07-03,3.41,OPEN,-1.16,-21.0,20.0,-20.0
-,ASX-GOZ,2020-06-19,AUD,3.36,2021-03-27,3.58,6.55,6.0,2020-07-03,3.34,OPEN,-0.6,-11.0,5.0,-9.0
-,ASX-TCL,2020-06-19,AUD,15.16,2021-02-11,16.32,7.65,8.0,2020-07-03,14.62,OPEN,-3.56,-64.0,6.0,-47.0
-,ASX-CHC,2020-06-19,AUD,10.1,2021-05-08,11.98,18.61,15.0,2020-07-03,10.22,OPEN,1.19,21.0,4.0,6.0
-,ASX-REA,2020-06-19,AUD,110.41,2020-09-20,123.14,11.53,31.0,2020-07-03,110.71,OPEN,0.27,5.0,15.0,2.0
-,ASX-DMP,2020-06-19,AUD,68.32,2021-01-25,76.18,11.5,13.0,2020-07-03,72.2,OPEN,5.68,102.0,6.0,49.0
-,ASX-ABP,2020-06-19,AUD,2.78,2021-06-05,2.94,5.76,4.0,2020-07-03,2.74,OPEN,-1.44,-26.0,4.0,-25.0
-,ASX-SVW,2020-06-19,AUD,17.92,2020-12-22,21.15,18.02,24.0,2020-07-03,17.4,OPEN,-2.9,-52.0,8.0,-16.0
-,ASX-DMP,2020-06-19,AUD,68.32,2021-05-08,88.45,29.46,23.0,2020-07-03,72.2,OPEN,5.68,102.0,4.0,19.0
-,ASX-APA,2020-06-19,AUD,11.54,2021-04-18,12.36,7.11,6.0,2020-07-03,11.34,OPEN,-1.73,-31.0,5.0,-24.0
-,ASX-SEK,2020-06-19,AUD,21.69,2021-06-18,26.35,21.48,15.0,2020-07-03,22.27,OPEN,2.67,48.0,4.0,12.0
-,ASX-GPT,2020-06-19,AUD,4.47,2020-11-17,4.61,3.13,5.0,2020-07-03,4.41,OPEN,-1.34,-24.0,9.0,-43.0
-,2638.HK,2020-06-19,HKD,8.24,2021-02-15,9.16,11.17,12.0,2020-07-03,7.97,OPEN,-3.28,-59.0,6.0,-29.0
-,0288.HK,2020-06-19,HKD,6.91,2020-12-06,7.99,15.63,23.0,2020-07-03,6.94,OPEN,0.43,8.0,8.0,3.0
-,0288.HK,2020-06-19,HKD,6.91,2020-10-01,8.39,21.42,52.0,2020-07-03,6.94,OPEN,0.43,8.0,13.0,2.0
-,0345.HK,2020-06-19,HKD,29.55,2021-01-02,34.74,17.56,22.0,2020-07-03,29.45,OPEN,-0.34,-6.0,7.0,-2.0
-,2382.HK,2020-06-19,HKD,114.1,2021-03-05,166.47,45.9,45.0,2020-07-03,134.7,OPEN,18.05,325.0,5.0,39.0
-,2638.HK,2020-06-19,HKD,8.24,2020-12-18,8.79,6.67,9.0,2020-07-03,7.97,OPEN,-3.28,-59.0,8.0,-49.0
-,0345.HK,2020-06-19,HKD,29.55,2021-02-02,35.84,21.29,24.0,2020-07-03,29.45,OPEN,-0.34,-6.0,6.0,-2.0
-,1038.HK,2020-06-19,HKD,42.85,2021-04-28,50.25,17.27,14.0,2020-07-03,40.45,OPEN,-5.6,-101.0,4.0,-32.0
-,2382.HK,2020-06-19,HKD,114.1,2020-12-15,156.47,37.13,52.0,2020-07-03,134.7,OPEN,18.05,325.0,8.0,49.0
-,3808.HK,2020-06-19,HKD,20.65,2020-11-29,25.14,21.74,34.0,2020-07-03,22.3,OPEN,7.99,144.0,9.0,37.0
-,0288.HK,2020-06-19,HKD,6.91,2020-09-18,7.29,5.5,15.0,2020-07-03,6.94,OPEN,0.43,8.0,15.0,8.0
-,0880.HK,2020-06-19,HKD,9.17,2020-10-30,10.81,17.88,34.0,2020-07-03,8.96,OPEN,-2.29,-41.0,11.0,-13.0
-,NKE,2020-06-19,USD,95.78,2020-12-05,105.91,10.58,16.0,2020-07-02,98.43,OPEN,2.77,54.0,8.0,26.0
-,IXN,2020-06-19,USD,230.09,2020-11-07,246.22,7.01,13.0,2020-07-02,237.73,OPEN,3.32,64.0,9.0,47.0
-,IBB,2020-06-19,USD,137.85,2020-12-18,151.0,9.54,13.0,2020-07-02,138.54,OPEN,0.5,10.0,7.0,5.0
-,PEP,2020-06-19,USD,131.28,2021-01-18,140.55,7.06,8.0,2020-07-02,132.85,OPEN,1.2,23.0,6.0,17.0
-,NKE,2020-06-19,USD,95.78,2021-03-17,108.35,13.12,12.0,2020-07-02,98.43,OPEN,2.77,54.0,5.0,21.0
-,ORCL,2020-06-19,USD,54.4,2021-05-15,62.12,14.19,11.0,2020-07-02,55.94,OPEN,2.83,55.0,4.0,20.0
-,XBI,2020-06-19,USD,108.85,2021-04-20,133.84,22.96,19.0,2020-07-02,112.89,OPEN,3.71,72.0,4.0,16.0
-,XBI,2020-06-19,USD,108.85,2020-10-07,116.6,7.12,16.0,2020-07-02,112.89,OPEN,3.71,72.0,12.0,52.0
-,XBI,2020-06-19,USD,108.85,2020-11-09,118.36,8.74,15.0,2020-07-02,112.89,OPEN,3.71,72.0,9.0,42.0
-,NDAQ,2020-06-19,USD,118.83,2021-03-28,137.61,15.8,14.0,2020-07-02,120.06,OPEN,1.04,20.0,5.0,7.0
-,AMT,2020-06-19,USD,265.6,2020-10-07,281.56,6.01,14.0,2020-07-02,264.21,OPEN,-0.52,-10.0,12.0,-9.0
-,PG,2020-06-19,USD,118.92,2020-12-21,125.76,5.75,8.0,2020-07-02,120.88,OPEN,1.65,32.0,7.0,29.0
-,CL,2020-06-19,USD,73.36,2021-03-09,78.14,6.52,6.0,2020-07-02,73.28,OPEN,-0.11,-2.0,5.0,-2.0
-,AMT,2020-06-19,USD,265.6,2020-12-07,295.51,11.26,17.0,2020-07-02,264.21,OPEN,-0.52,-10.0,8.0,-5.0
-,NDAQ,2020-06-19,USD,118.83,2021-05-19,139.83,17.67,13.0,2020-07-02,120.06,OPEN,1.04,20.0,4.0,6.0
-,PEP,2020-06-19,USD,131.28,2020-10-17,135.6,3.29,7.0,2020-07-02,132.85,OPEN,1.2,23.0,11.0,36.0
-,IBB,2020-06-19,USD,137.85,2020-10-12,145.09,5.25,12.0,2020-07-02,138.54,OPEN,0.5,10.0,11.0,10.0
+,ASX-COH,2020-06-22,AUD,192.12,2020-09-10,202.13,5.21,16.0,2020-07-03,202.13,CLOSED,5.21,119.0,14.0,100.0
-,ASX-CMW,2020-06-22,AUD,0.87,2021-02-13,0.97,11.49,12.0,2020-06-23,0.97,CLOSED,11.49,2895.0,0.0,100.0
-,1076.HK,2020-06-22,HKD,0.03,2021-05-31,0.04,33.33,24.0,2020-06-23,0.04,CLOSED,33.33,8399.0,0.0,100.0
-,0166.HK,2020-06-22,HKD,0.03,2020-12-05,0.04,33.33,51.0,2020-06-26,0.04,CLOSED,33.33,2100.0,2.0,100.0
-,ASX-BAP,2020-06-22,AUD,5.85,2021-04-06,7.29,24.62,22.0,2020-07-03,5.99,OPEN,2.39,55.0,4.0,10.0
-,ASX-RWC,2020-06-22,AUD,3.14,2020-10-07,3.96,26.11,61.0,2020-07-03,2.87,OPEN,-8.6,-197.0,10.0,-33.0
-,ASX-NXT,2020-06-22,AUD,9.83,2021-03-17,11.73,19.33,18.0,2020-07-03,11.1,OPEN,12.92,296.0,4.0,67.0
-,ASX-NXT,2020-06-22,AUD,9.83,2021-01-26,11.95,21.57,25.0,2020-07-03,11.1,OPEN,12.92,296.0,5.0,60.0
-,ASX-SCP,2020-06-22,AUD,2.32,2020-10-10,2.45,5.6,13.0,2020-07-03,2.29,OPEN,-1.29,-30.0,10.0,-23.0
-,ASX-SCP,2020-06-22,AUD,2.32,2020-12-16,2.47,6.47,9.0,2020-07-03,2.29,OPEN,-1.29,-30.0,6.0,-20.0
-,ASX-RWC,2020-06-22,AUD,3.14,2020-11-29,4.34,38.22,60.0,2020-07-03,2.87,OPEN,-8.6,-197.0,7.0,-23.0
-,ASX-RHC,2020-06-22,AUD,65.95,2021-01-09,73.2,10.99,14.0,2020-07-03,67.25,OPEN,1.97,45.0,5.0,18.0
-,ASX-MQG,2020-06-22,AUD,120.61,2021-04-15,143.14,18.68,16.0,2020-07-03,122.02,OPEN,1.17,27.0,4.0,6.0
-,ASX-RWC,2020-06-22,AUD,3.14,2020-08-26,3.46,10.19,40.0,2020-07-03,2.87,OPEN,-8.6,-197.0,17.0,-84.0
-,ASX-RMD,2020-06-22,AUD,25.8,2021-02-11,29.52,14.42,16.0,2020-07-03,28.15,OPEN,9.11,209.0,5.0,63.0
-,ASX-JBH,2020-06-22,AUD,39.82,2021-04-15,45.32,13.81,12.0,2020-07-03,42.69,OPEN,7.21,165.0,4.0,52.0
-,ASX-BWP,2020-06-22,AUD,3.87,2021-02-22,4.12,6.46,7.0,2020-07-03,3.91,OPEN,1.03,24.0,4.0,16.0
-,ASX-RWC,2020-06-22,AUD,3.14,2020-07-31,3.32,5.73,37.0,2020-07-03,2.87,OPEN,-8.6,-197.0,28.0,-150.0
-,ASX-BAP,2020-06-22,AUD,5.85,2021-02-07,6.59,12.65,14.0,2020-07-03,5.99,OPEN,2.39,55.0,5.0,19.0
-,ASX-CPU,2020-06-22,AUD,13.17,2021-05-07,14.68,11.47,9.0,2020-07-03,13.46,OPEN,2.2,50.0,3.0,19.0
-,ASX-JHX,2020-06-22,AUD,28.64,2021-04-29,33.51,17.0,14.0,2020-07-03,27.65,OPEN,-3.46,-79.0,4.0,-20.0
-,ASX-SHL,2020-06-22,AUD,28.89,2021-05-31,31.74,9.87,7.0,2020-07-03,31.21,OPEN,8.03,184.0,3.0,81.0
-,ASX-COH,2020-06-22,AUD,192.12,2021-02-24,208.64,8.6,9.0,2020-07-03,204.0,OPEN,6.18,142.0,4.0,72.0
-,ASX-COH,2020-06-22,AUD,192.12,2021-05-06,224.82,17.02,13.0,2020-07-03,204.0,OPEN,6.18,142.0,3.0,36.0
-,ASX-RHC,2020-06-22,AUD,65.95,2020-11-15,70.24,6.5,11.0,2020-07-03,67.25,OPEN,1.97,45.0,8.0,30.0
-,ASX-MQG,2020-06-22,AUD,120.61,2021-02-13,131.08,8.68,9.0,2020-07-03,122.02,OPEN,1.17,27.0,5.0,13.0
-,ASX-IAG,2020-06-22,AUD,6.08,2021-03-27,6.39,5.1,5.0,2020-07-03,5.83,OPEN,-4.11,-94.0,4.0,-81.0
-,ASX-JBH,2020-06-22,AUD,39.82,2021-05-11,49.19,23.53,18.0,2020-07-03,42.69,OPEN,7.21,165.0,3.0,31.0
-,ASX-JBH,2020-06-22,AUD,39.82,2021-04-06,46.53,16.85,15.0,2020-07-03,42.69,OPEN,7.21,165.0,4.0,43.0
-,0206.HK,2020-06-22,HKD,0.24,2021-02-18,0.44,83.33,87.0,2020-07-03,0.23,OPEN,-4.17,-96.0,5.0,-5.0
-,0808.HK,2020-06-22,HKD,2.32,2020-12-05,2.52,8.62,13.0,2020-07-03,2.37,OPEN,2.16,49.0,7.0,25.0
-,2328.HK,2020-06-22,HKD,7.35,2021-05-28,10.17,38.37,28.0,2020-07-03,7.06,OPEN,-3.95,-90.0,3.0,-10.0
-,0808.HK,2020-06-22,HKD,2.32,2020-11-24,2.51,8.19,13.0,2020-07-03,2.37,OPEN,2.16,49.0,7.0,26.0
-,0341.HK,2020-06-22,HKD,16.8,2021-03-11,18.35,9.23,9.0,2020-07-03,16.06,OPEN,-4.4,-101.0,4.0,-48.0
-,1623.HK,2020-06-22,HKD,0.24,2021-06-13,0.35,45.83,32.0,2020-07-03,0.22,OPEN,-8.33,-191.0,3.0,-18.0
-,1788.HK,2020-06-22,HKD,1.02,2021-04-27,1.27,24.51,20.0,2020-07-03,1.17,OPEN,14.71,337.0,4.0,60.0
-,YUMC,2020-06-22,USD,50.96,2020-11-07,57.59,13.01,24.0,2020-07-02,49.44,OPEN,-2.98,-75.0,7.0,-23.0
-,SO,2020-06-22,USD,54.67,2021-05-19,60.5,10.66,8.0,2020-07-02,52.79,OPEN,-3.44,-87.0,3.0,-32.0
-,GOOG,2020-06-22,USD,1451.86,2021-02-06,1672.54,15.2,17.0,2020-07-02,1464.7,OPEN,0.88,22.0,4.0,6.0
-,GOOG,2020-06-22,USD,1451.86,2021-01-20,1686.77,16.18,19.0,2020-07-02,1464.7,OPEN,0.88,22.0,5.0,5.0
-,KMB,2020-06-22,USD,142.06,2021-05-04,153.91,8.34,7.0,2020-07-02,143.2,OPEN,0.8,20.0,3.0,10.0
-,YUMC,2020-06-22,USD,50.96,2020-08-08,53.86,5.69,31.0,2020-07-02,49.44,OPEN,-2.98,-75.0,21.0,-52.0
-,VHT,2020-06-22,USD,192.77,2020-11-02,200.27,3.89,7.0,2020-07-02,195.65,OPEN,1.49,38.0,8.0,38.0
-,GIS,2020-06-22,USD,61.52,2021-01-06,65.4,6.31,8.0,2020-07-02,61.48,OPEN,-0.07,-2.0,5.0,-1.0
-,IYH,2020-06-22,USD,215.5,2020-10-07,222.48,3.24,8.0,2020-07-02,218.87,OPEN,1.56,39.0,9.0,48.0
-,VHT,2020-06-22,USD,192.77,2020-09-16,199.23,3.35,10.0,2020-07-02,195.65,OPEN,1.49,38.0,12.0,45.0
-,IYH,2020-06-22,USD,215.5,2021-01-16,225.09,4.45,5.0,2020-07-02,218.87,OPEN,1.56,39.0,5.0,35.0
-,YUMC,2020-06-22,USD,50.96,2020-10-21,54.73,7.4,15.0,2020-07-02,49.44,OPEN,-2.98,-75.0,8.0,-40.0
-,GOOG,2020-06-22,USD,1451.86,2020-09-02,1519.66,4.67,16.0,2020-07-02,1464.7,OPEN,0.88,22.0,14.0,19.0
-,DUK,2020-06-22,USD,82.53,2021-06-17,91.54,10.92,8.0,2020-07-02,81.84,OPEN,-0.84,-21.0,3.0,-8.0
-,1076.HK,2020-06-23,HKD,0.03,2021-06-01,0.04,33.33,24.0,2020-06-24,0.04,CLOSED,33.33,8399.0,0.0,100.0
-,0166.HK,2020-06-23,HKD,0.03,2020-12-06,0.04,33.33,51.0,2020-06-26,0.04,CLOSED,33.33,2800.0,2.0,100.0
-,1251.HK,2020-06-23,HKD,0.34,2020-09-01,0.46,35.29,127.0,2020-07-03,0.33,OPEN,-2.94,-74.0,14.0,-8.0
-,1623.HK,2020-06-23,HKD,0.25,2021-01-29,0.49,96.0,110.0,2020-07-03,0.22,OPEN,-12.0,-302.0,5.0,-12.0
-,1623.HK,2020-06-23,HKD,0.25,2021-01-19,0.53,112.0,134.0,2020-07-03,0.22,OPEN,-12.0,-302.0,5.0,-11.0
-,1299.HK,2020-06-23,HKD,74.9,2020-12-20,83.39,11.34,16.0,2020-07-03,74.95,OPEN,0.07,2.0,6.0,1.0
-,0052.HK,2020-06-23,HKD,17.32,2021-03-27,20.48,18.24,17.0,2020-07-03,17.84,OPEN,3.0,76.0,4.0,16.0
-,1299.HK,2020-06-23,HKD,74.9,2020-10-06,78.97,5.43,13.0,2020-07-03,74.95,OPEN,0.07,2.0,10.0,1.0
-,1788.HK,2020-06-23,HKD,1.05,2021-04-28,1.31,24.76,20.0,2020-07-03,1.17,OPEN,11.43,288.0,3.0,46.0
-,0052.HK,2020-06-23,HKD,17.32,2021-01-11,18.57,7.22,9.0,2020-07-03,17.84,OPEN,3.0,76.0,5.0,42.0
-,V,2020-06-23,USD,197.97,2021-05-08,265.32,34.02,27.0,2020-07-02,195.67,OPEN,-1.16,-32.0,3.0,-3.0
-,V,2020-06-23,USD,197.97,2020-09-13,215.04,8.62,26.0,2020-07-02,195.67,OPEN,-1.16,-32.0,11.0,-13.0
-,NKE,2020-06-23,USD,101.92,2021-02-19,115.95,13.77,14.0,2020-07-02,98.43,OPEN,-3.42,-96.0,4.0,-25.0
-,V,2020-06-23,USD,197.97,2020-09-07,213.57,7.88,26.0,2020-07-02,195.67,OPEN,-1.16,-32.0,12.0,-15.0
-,SCCO,2020-06-23,USD,38.32,2021-06-21,51.54,34.5,24.0,2020-07-02,38.91,OPEN,1.54,43.0,2.0,4.0
-,IBB,2020-06-23,USD,138.65,2020-12-19,151.45,9.23,13.0,2020-07-02,138.54,OPEN,-0.08,-2.0,5.0,-1.0
-,SCCO,2020-06-23,USD,38.32,2021-03-19,46.63,21.69,20.0,2020-07-02,38.91,OPEN,1.54,43.0,3.0,7.0
-,IBB,2020-06-23,USD,138.65,2020-09-26,145.72,5.1,14.0,2020-07-02,138.54,OPEN,-0.08,-2.0,9.0,-2.0
-,LNVGY,2020-06-23,USD,11.18,2021-04-11,13.86,23.97,21.0,2020-07-02,11.7,OPEN,4.65,130.0,3.0,19.0
-,FCX,2020-06-23,USD,11.08,2021-06-10,14.49,30.78,22.0,2020-07-02,11.5,OPEN,3.79,106.0,3.0,12.0
-,SCCO,2020-06-23,USD,38.32,2020-10-21,41.5,8.3,17.0,2020-07-02,38.91,OPEN,1.54,43.0,8.0,19.0
-,V,2020-06-23,USD,197.97,2020-08-02,205.12,3.61,23.0,2020-07-02,195.67,OPEN,-1.16,-32.0,22.0,-32.0
-,ASX-ANN,2020-06-24,AUD,36.14,2020-09-23,37.82,4.65,13.0,2020-07-01,37.82,CLOSED,4.65,167.0,8.0,100.0
-,1076.HK,2020-06-24,HKD,0.03,2021-06-02,0.04,33.33,24.0,2020-06-26,0.04,CLOSED,33.33,4200.0,1.0,100.0
-,0166.HK,2020-06-24,HKD,0.03,2020-12-07,0.04,33.33,51.0,2020-06-26,0.04,CLOSED,33.33,4200.0,1.0,100.0
-,PX,2020-06-24,USD,0.2,2020-12-08,0.21,5.0,8.0,2020-06-30,0.21,CLOSED,5.0,210.0,4.0,100.0
-,ASX-MFG,2020-06-24,AUD,58.08,2020-11-01,67.25,15.79,31.0,2020-07-03,62.45,OPEN,7.52,211.0,7.0,48.0
-,ASX-NAN,2020-06-24,AUD,7.01,2021-05-24,9.73,38.8,29.0,2020-07-03,6.88,OPEN,-1.85,-52.0,3.0,-5.0
-,ASX-MFG,2020-06-24,AUD,58.08,2020-11-16,72.87,25.46,44.0,2020-07-03,62.45,OPEN,7.52,211.0,6.0,30.0
-,ASX-NAN,2020-06-24,AUD,7.01,2021-04-03,8.55,21.97,20.0,2020-07-03,6.88,OPEN,-1.85,-52.0,3.0,-8.0
-,ASX-SHL,2020-06-24,AUD,30.33,2020-10-10,31.87,5.08,12.0,2020-07-03,31.21,OPEN,2.9,81.0,8.0,57.0
-,ASX-AST,2020-06-24,AUD,1.72,2020-09-11,1.79,4.07,13.0,2020-07-03,1.7,OPEN,-1.16,-32.0,11.0,-29.0
-,PFE,2020-06-25,USD,32.32,2020-09-09,33.86,4.76,16.0,2020-07-01,33.86,CLOSED,4.76,200.0,8.0,100.0
-,ACN,2020-06-25,USD,217.32,2020-11-22,241.79,11.26,19.0,2020-07-02,215.72,OPEN,-0.74,-27.0,5.0,-7.0
-,MA,2020-06-25,USD,298.01,2021-03-02,377.64,26.72,27.0,2020-07-02,302.42,OPEN,1.48,53.0,3.0,6.0
-,MA,2020-06-25,USD,298.01,2020-09-28,315.95,6.02,16.0,2020-07-02,302.42,OPEN,1.48,53.0,7.0,25.0
-,GOOG,2020-06-25,USD,1441.33,2020-12-06,1672.81,16.06,25.0,2020-07-02,1464.7,OPEN,1.62,58.0,4.0,10.0
-,GOOG,2020-06-25,USD,1441.33,2021-02-08,1694.14,17.54,19.0,2020-07-02,1464.7,OPEN,1.62,58.0,3.0,9.0
-,DLR,2020-06-25,USD,143.07,2021-02-20,158.61,10.86,11.0,2020-07-02,148.59,OPEN,3.86,139.0,3.0,36.0
-,ORCL,2020-06-25,USD,54.53,2021-05-23,62.89,15.33,12.0,2020-07-02,55.94,OPEN,2.59,93.0,2.0,17.0
-,GOOG,2020-06-25,USD,1441.33,2020-08-29,1522.91,5.66,22.0,2020-07-02,1464.7,OPEN,1.62,58.0,11.0,29.0
-,LNVGY,2020-06-25,USD,11.04,2021-04-26,13.59,23.1,19.0,2020-07-02,11.7,OPEN,5.98,215.0,2.0,26.0
-,WY,2020-06-25,USD,21.99,2021-05-27,23.93,8.82,7.0,2020-07-02,22.24,OPEN,1.14,41.0,2.0,13.0
-,VZ,2020-06-25,USD,54.28,2020-11-26,57.71,6.32,10.0,2020-07-02,54.79,OPEN,0.94,34.0,5.0,15.0
-,ASX-ANN,2020-06-26,AUD,35.38,2020-09-25,37.02,4.64,13.0,2020-06-30,37.02,CLOSED,4.64,292.0,4.0,100.0
-,ASX-ECX,2020-06-26,AUD,1.35,2021-04-26,1.55,14.81,12.0,2020-07-03,1.4,OPEN,3.7,133.0,2.0,25.0
-,ASX-ECX,2020-06-26,AUD,1.35,2020-09-18,1.53,13.33,40.0,2020-07-03,1.4,OPEN,3.7,133.0,8.0,28.0
-,ASX-CTD,2020-06-26,AUD,9.73,2020-12-14,12.69,30.42,45.0,2020-07-03,10.41,OPEN,6.99,252.0,4.0,23.0
-,ASX-CTD,2020-06-26,AUD,9.73,2020-11-12,12.42,27.65,50.0,2020-07-03,10.41,OPEN,6.99,252.0,5.0,25.0
-,ASX-CNU,2020-06-26,AUD,7.08,2021-04-07,8.91,25.85,23.0,2020-07-03,7.26,OPEN,2.54,91.0,2.0,10.0
-,ASX-CNU,2020-06-26,AUD,7.08,2020-12-18,8.1,14.41,21.0,2020-07-03,7.26,OPEN,2.54,91.0,4.0,18.0
-,ASX-MYX,2020-06-26,AUD,0.38,2021-02-25,0.52,36.84,38.0,2020-07-03,0.41,OPEN,7.89,284.0,3.0,21.0
-,ASX-QUB,2020-06-26,AUD,2.83,2021-04-07,3.35,18.37,16.0,2020-07-03,2.8,OPEN,-1.06,-38.0,2.0,-6.0
-,ASX-QUB,2020-06-26,AUD,2.83,2021-02-14,3.27,15.55,17.0,2020-07-03,2.8,OPEN,-1.06,-38.0,3.0,-7.0
-,ASX-MYX,2020-06-26,AUD,0.38,2021-01-08,0.5,31.58,41.0,2020-07-03,0.41,OPEN,7.89,284.0,4.0,25.0
-,ASX-RIO,2020-06-26,AUD,98.99,2021-04-02,110.73,11.86,11.0,2020-07-03,96.39,OPEN,-2.63,-95.0,2.0,-22.0
-,ASX-CNU,2020-06-26,AUD,7.08,2020-09-01,7.6,7.34,28.0,2020-07-03,7.26,OPEN,2.54,91.0,10.0,35.0
-,ASX-QUB,2020-06-26,AUD,2.83,2020-09-18,3.01,6.36,19.0,2020-07-03,2.8,OPEN,-1.06,-38.0,8.0,-17.0
-,0689.HK,2020-06-26,HKD,0.04,2021-01-22,0.11,175.0,210.0,2020-07-03,0.04,OPEN,0.0,0.0,3.0,0.0
-,1076.HK,2020-06-26,HKD,0.04,2021-06-04,0.05,25.0,18.0,2020-07-03,0.03,OPEN,-25.0,-900.0,2.0,-100.0
-,0689.HK,2020-06-26,HKD,0.04,2020-11-07,0.07,75.0,141.0,2020-07-03,0.04,OPEN,0.0,0.0,5.0,0.0
-,0166.HK,2020-06-26,HKD,0.05,2020-12-09,0.07,40.0,61.0,2020-07-03,0.05,OPEN,0.0,0.0,4.0,0.0
-,ACN,2020-06-26,USD,212.47,2020-12-24,234.12,10.19,14.0,2020-07-02,215.72,OPEN,1.53,64.0,3.0,15.0
-,LNVGY,2020-06-26,USD,11.19,2021-04-27,13.78,23.15,19.0,2020-07-02,11.7,OPEN,4.56,192.0,2.0,20.0
-,ACN,2020-06-26,USD,212.47,2020-10-26,222.2,4.58,9.0,2020-07-02,215.72,OPEN,1.53,64.0,5.0,33.0
-,0166.HK,2020-06-29,HKD,0.04,2020-12-15,0.05,25.0,37.0,2020-06-30,0.05,CLOSED,25.0,6300.0,1.0,100.0
-,PFE,2020-06-29,USD,32.64,2020-09-13,34.2,4.78,16.0,2020-07-01,34.2,CLOSED,4.78,602.0,3.0,100.0
-,ASX-ORA,2020-06-29,AUD,2.51,2021-06-04,3.33,32.67,24.0,2020-07-03,2.54,OPEN,1.2,76.0,1.0,4.0
-,ASX-ORA,2020-06-29,AUD,2.51,2020-10-17,2.61,3.98,9.0,2020-07-03,2.54,OPEN,1.2,76.0,4.0,30.0
-,ASX-RSG,2020-06-29,AUD,1.12,2021-06-11,2.23,99.11,72.0,2020-07-03,1.17,OPEN,4.46,281.0,1.0,5.0
-,2768.HK,2020-06-29,HKD,3.23,2020-08-04,3.63,12.38,87.0,2020-07-03,3.2,OPEN,-0.93,-59.0,11.0,-7.0
-,2768.HK,2020-06-29,HKD,3.23,2020-08-04,3.8,17.65,124.0,2020-07-03,3.2,OPEN,-0.93,-59.0,11.0,-5.0
-,0689.HK,2020-06-29,HKD,0.04,2021-01-25,0.11,175.0,210.0,2020-07-03,0.04,OPEN,0.0,0.0,2.0,0.0
-,0027.HK,2020-06-29,HKD,50.8,2021-02-04,79.82,57.13,65.0,2020-07-03,54.7,OPEN,7.68,484.0,2.0,13.0
-,1766.HK,2020-06-29,HKD,3.2,2020-08-11,3.64,13.75,81.0,2020-07-03,3.46,OPEN,8.12,512.0,9.0,59.0
-,0689.HK,2020-06-29,HKD,0.04,2020-11-10,0.07,75.0,141.0,2020-07-03,0.04,OPEN,0.0,0.0,3.0,0.0
-,YUM,2020-06-29,USD,86.98,2021-06-28,108.26,24.47,17.0,2020-07-02,86.56,OPEN,-0.48,-40.0,1.0,-2.0
-,YUM,2020-06-29,USD,86.98,2021-04-03,103.05,18.48,17.0,2020-07-02,86.56,OPEN,-0.48,-40.0,1.0,-3.0
-,GM,2020-06-29,USD,25.3,2021-06-08,30.39,20.12,15.0,2020-07-02,25.24,OPEN,-0.24,-20.0,1.0,-1.0
-,JNJ,2020-06-29,USD,139.04,2021-05-23,156.43,12.51,10.0,2020-07-02,140.97,OPEN,1.39,117.0,1.0,11.0
-,KO,2020-06-29,USD,44.36,2021-06-01,49.32,11.18,8.0,2020-07-02,44.88,OPEN,1.17,98.0,1.0,10.0
-,SO,2020-06-29,USD,51.56,2021-05-26,57.06,10.67,8.0,2020-07-02,52.79,OPEN,2.39,201.0,1.0,22.0
-,PG,2020-06-29,USD,117.66,2020-12-04,123.95,5.35,9.0,2020-07-02,120.88,OPEN,2.74,230.0,2.0,51.0
-,YUM,2020-06-29,USD,86.98,2020-11-08,96.54,10.99,21.0,2020-07-02,86.56,OPEN,-0.48,-40.0,2.0,-4.0
-,JNJ,2020-06-29,USD,139.04,2020-11-15,147.59,6.15,11.0,2020-07-02,140.97,OPEN,1.39,117.0,2.0,23.0
-,MCD,2020-06-29,USD,182.8,2020-10-30,196.29,7.38,15.0,2020-07-02,183.52,OPEN,0.39,33.0,2.0,5.0
-,MCD,2020-06-29,USD,182.8,2021-06-08,209.4,14.55,11.0,2020-07-02,183.52,OPEN,0.39,33.0,1.0,3.0
-,JNJ,2020-06-29,USD,139.04,2020-09-10,145.34,4.53,16.0,2020-07-02,140.97,OPEN,1.39,117.0,4.0,31.0
-,YUM,2020-06-29,USD,86.98,2020-09-10,92.02,5.79,20.0,2020-07-02,86.56,OPEN,-0.48,-40.0,4.0,-8.0
-,DUK,2020-06-29,USD,80.25,2021-06-24,89.01,10.92,8.0,2020-07-02,81.84,OPEN,1.98,166.0,1.0,18.0
-,VZ,2020-06-29,USD,54.69,2020-11-30,58.14,6.31,10.0,2020-07-02,54.79,OPEN,0.18,15.0,2.0,3.0
-,KO,2020-06-29,USD,44.36,2020-12-16,46.24,4.24,6.0,2020-07-02,44.88,OPEN,1.17,98.0,2.0,28.0
-,ASX-BAP,2020-06-30,AUD,5.9,2020-10-01,6.07,2.88,8.0,2020-07-01,6.07,CLOSED,2.88,726.0,1.0,100.0
-,ASX-BGA,2020-06-30,AUD,4.45,2020-08-27,4.64,4.27,19.0,2020-07-02,4.64,CLOSED,4.27,538.0,3.0,100.0
-,ASX-BAP,2020-06-30,AUD,5.9,2021-02-10,7.13,20.85,23.0,2020-07-03,5.99,OPEN,1.53,129.0,1.0,7.0
-,ASX-BGA,2020-06-30,AUD,4.45,2021-02-23,5.32,19.55,21.0,2020-07-03,4.98,OPEN,11.91,1000.0,1.0,61.0
-,ASX-CTD,2020-06-30,AUD,9.69,2020-12-18,12.64,30.44,45.0,2020-07-03,10.41,OPEN,7.43,624.0,2.0,24.0
-,ASX-BGA,2020-06-30,AUD,4.45,2020-10-25,5.8,30.34,65.0,2020-07-03,4.98,OPEN,11.91,1000.0,3.0,39.0
-,ASX-CTD,2020-06-30,AUD,9.69,2020-11-16,12.36,27.55,50.0,2020-07-03,10.41,OPEN,7.43,624.0,2.0,27.0
-,ASX-BAP,2020-06-30,AUD,5.9,2021-01-02,6.55,11.02,15.0,2020-07-03,5.99,OPEN,1.53,129.0,2.0,14.0
-,ASX-WEB,2020-06-30,AUD,3.32,2021-06-01,4.69,41.27,31.0,2020-07-03,3.34,OPEN,0.6,50.0,1.0,1.0
-,2768.HK,2020-06-30,HKD,3.2,2020-07-20,3.49,9.06,114.0,2020-07-03,3.2,OPEN,0.0,0.0,15.0,0.0
-,2768.HK,2020-06-30,HKD,3.2,2020-08-01,3.82,19.37,153.0,2020-07-03,3.2,OPEN,0.0,0.0,9.0,0.0
-,1623.HK,2020-06-30,HKD,0.23,2021-02-05,0.45,95.65,110.0,2020-07-03,0.22,OPEN,-4.35,-365.0,1.0,-5.0
-,1623.HK,2020-06-30,HKD,0.23,2021-01-26,0.49,113.04,136.0,2020-07-03,0.22,OPEN,-4.35,-365.0,1.0,-4.0
-,0689.HK,2020-06-30,HKD,0.04,2021-01-26,0.11,175.0,210.0,2020-07-03,0.04,OPEN,0.0,0.0,1.0,0.0
-,3898.HK,2020-06-30,HKD,19.7,2021-06-08,31.79,61.37,45.0,2020-07-03,20.75,OPEN,5.33,448.0,1.0,9.0
-,3898.HK,2020-06-30,HKD,19.7,2021-06-24,30.57,55.18,39.0,2020-07-03,20.75,OPEN,5.33,448.0,1.0,10.0
-,0689.HK,2020-06-30,HKD,0.04,2020-11-11,0.07,75.0,141.0,2020-07-03,0.04,OPEN,0.0,0.0,2.0,0.0
-,1623.HK,2020-06-30,HKD,0.23,2021-06-21,0.34,47.83,34.0,2020-07-03,0.22,OPEN,-4.35,-365.0,1.0,-9.0
-,3898.HK,2020-06-30,HKD,19.7,2020-12-20,23.17,17.61,26.0,2020-07-03,20.75,OPEN,5.33,448.0,2.0,30.0
-,TSLA,2020-06-30,USD,1079.81,2021-04-19,1453.96,34.65,30.0,2020-07-02,1208.66,OPEN,11.93,1503.0,1.0,34.0
-,BAX,2020-06-30,USD,86.1,2021-03-08,95.83,11.3,11.0,2020-07-02,87.21,OPEN,1.29,163.0,1.0,11.0
-,TSLA,2020-06-30,USD,1079.81,2021-02-25,1362.5,26.18,27.0,2020-07-02,1208.66,OPEN,11.93,1503.0,1.0,46.0
-,BAX,2020-06-30,USD,86.1,2020-09-26,89.39,3.82,11.0,2020-07-02,87.21,OPEN,1.29,163.0,2.0,34.0
-,ASX-TGR,2020-07-01,AUD,3.64,2020-09-12,3.8,4.4,15.0,2020-07-02,3.8,CLOSED,4.4,1109.0,1.0,100.0
-,ASX-BGA,2020-07-01,AUD,4.56,2020-08-28,4.76,4.39,19.0,2020-07-02,4.76,CLOSED,4.39,1106.0,2.0,100.0
-,ASX-BAP,2020-07-01,AUD,5.99,2021-04-15,7.47,24.71,22.0,2020-07-03,5.99,OPEN,0.0,0.0,1.0,0.0
-,ASX-BGA,2020-07-01,AUD,4.56,2021-02-24,5.46,19.74,21.0,2020-07-03,4.98,OPEN,9.21,1160.0,1.0,47.0
-,ASX-BAP,2020-07-01,AUD,5.99,2021-02-16,6.74,12.52,14.0,2020-07-03,5.99,OPEN,0.0,0.0,1.0,0.0
-,ASX-ARB,2020-07-01,AUD,18.34,2021-02-22,20.49,11.72,13.0,2020-07-03,18.79,OPEN,2.45,309.0,1.0,21.0
-,ASX-ARB,2020-07-01,AUD,18.34,2021-04-28,21.15,15.32,13.0,2020-07-03,18.79,OPEN,2.45,309.0,1.0,16.0
-,ASX-ARB,2020-07-01,AUD,18.34,2020-09-22,19.37,5.62,17.0,2020-07-03,18.79,OPEN,2.45,309.0,2.0,44.0
-,ROBO,2020-07-01,USD,43.42,2021-04-22,49.46,13.91,12.0,2020-07-02,43.58,OPEN,0.37,93.0,0.0,3.0
-,BRKb,2020-07-01,USD,4119.0,2021-02-11,5139.69,24.78,28.0,2020-07-03,4100.0,OPEN,-0.46,-58.0,1.0,-2.0
-,DE,2020-07-01,USD,156.85,2021-05-29,182.29,16.22,12.0,2020-07-02,157.9,OPEN,0.67,169.0,0.0,4.0
-,IXN,2020-07-01,USD,236.26,2020-11-19,252.82,7.01,13.0,2020-07-02,237.73,OPEN,0.62,156.0,1.0,9.0
-,PSA,2020-07-01,USD,199.16,2020-11-16,219.22,10.07,18.0,2020-07-02,199.36,OPEN,0.1,25.0,1.0,1.0
-,NFLX,2020-07-01,USD,485.64,2021-01-03,673.34,38.65,52.0,2020-07-02,476.89,OPEN,-1.8,-454.0,1.0,-5.0
-,DLR,2020-07-01,USD,147.39,2021-01-28,164.83,11.83,14.0,2020-07-02,148.59,OPEN,0.81,204.0,0.0,7.0
-,PEP,2020-07-01,USD,132.36,2021-01-30,141.7,7.06,8.0,2020-07-02,132.85,OPEN,0.37,93.0,0.0,5.0
-,ITW,2020-07-01,USD,172.44,2021-01-26,190.77,10.63,13.0,2020-07-02,174.6,OPEN,1.25,315.0,0.0,12.0
-,ITW,2020-07-01,USD,172.44,2021-05-09,198.01,14.83,12.0,2020-07-02,174.6,OPEN,1.25,315.0,0.0,8.0
-,VTR,2020-07-01,USD,38.32,2021-01-11,42.09,9.84,13.0,2020-07-02,37.29,OPEN,-2.69,-678.0,1.0,-27.0
-,SCCO,2020-07-01,USD,38.59,2021-03-24,47.24,22.42,21.0,2020-07-02,38.91,OPEN,0.83,209.0,0.0,4.0
-,NDAQ,2020-07-01,USD,120.76,2021-04-09,143.21,18.59,17.0,2020-07-02,120.06,OPEN,-0.58,-146.0,0.0,-3.0
-,FDX,2020-07-01,USD,156.66,2021-03-30,172.04,9.82,9.0,2020-07-02,155.48,OPEN,-0.75,-189.0,0.0,-8.0
-,DE,2020-07-01,USD,156.85,2020-10-26,168.69,7.55,16.0,2020-07-02,157.9,OPEN,0.67,169.0,1.0,9.0
-,NDAQ,2020-07-01,USD,120.76,2021-04-09,139.84,15.8,14.0,2020-07-02,120.06,OPEN,-0.58,-146.0,0.0,-4.0
-,BRKb,2020-07-01,USD,4119.0,2020-10-05,4469.53,8.51,22.0,2020-07-03,4100.0,OPEN,-0.46,-58.0,2.0,-5.0
-,PG,2020-07-01,USD,119.98,2021-01-02,126.88,5.75,8.0,2020-07-02,120.88,OPEN,0.75,189.0,1.0,13.0
-,NFLX,2020-07-01,USD,485.64,2020-12-16,625.65,28.83,43.0,2020-07-02,476.89,OPEN,-1.8,-454.0,1.0,-6.0
-,BRKb,2020-07-01,USD,4119.0,2020-11-14,4474.06,8.62,16.0,2020-07-03,4100.0,OPEN,-0.46,-58.0,1.0,-5.0
-,FDX,2020-07-01,USD,156.66,2021-03-19,169.74,8.35,8.0,2020-07-02,155.48,OPEN,-0.75,-189.0,0.0,-9.0
-,NDAQ,2020-07-01,USD,120.76,2021-05-31,142.1,17.67,13.0,2020-07-02,120.06,OPEN,-0.58,-146.0,0.0,-3.0
-,NVDA,2020-07-01,USD,381.2,2021-04-15,475.51,24.74,22.0,2020-07-02,384.49,OPEN,0.86,217.0,0.0,3.0
-,IXN,2020-07-01,USD,236.26,2020-09-20,245.62,3.96,12.0,2020-07-02,237.73,OPEN,0.62,156.0,1.0,16.0
-,UNH,2020-07-01,USD,297.73,2021-02-27,311.43,4.6,5.0,2020-07-02,298.26,OPEN,0.18,45.0,0.0,4.0
-,SCCO,2020-07-01,USD,38.59,2020-10-13,41.96,8.73,21.0,2020-07-02,38.91,OPEN,0.83,209.0,1.0,9.0
-,UNH,2020-07-01,USD,297.73,2020-09-24,313.63,5.34,16.0,2020-07-02,298.26,OPEN,0.18,45.0,1.0,3.0
-,ITW,2020-07-01,USD,172.44,2020-10-27,178.61,3.58,8.0,2020-07-02,174.6,OPEN,1.25,315.0,1.0,35.0
-,PEP,2020-07-01,USD,132.36,2020-10-29,136.71,3.29,7.0,2020-07-02,132.85,OPEN,0.37,93.0,1.0,11.0
-,D,2020-07-01,USD,82.35,2020-10-20,84.56,2.68,6.0,2020-07-02,82.69,OPEN,0.41,103.0,1.0,15.0
-,HPQ,2020-07-01,USD,17.0,2021-05-18,18.86,10.94,9.0,2020-07-02,17.07,OPEN,0.41,103.0,0.0,4.0
-,IXN,2020-07-01,USD,236.26,2020-08-14,240.32,1.72,10.0,2020-07-02,237.73,OPEN,0.62,156.0,2.0,36.0
-,DLR,2020-07-01,USD,147.39,2020-10-13,156.13,5.93,14.0,2020-07-02,148.59,OPEN,0.81,204.0,1.0,14.0
-,VTR,2020-07-01,USD,38.32,2020-11-16,40.14,4.75,9.0,2020-07-02,37.29,OPEN,-2.69,-678.0,1.0,-57.0
-,ORCL,2020-07-01,USD,55.49,2021-05-17,61.52,10.87,9.0,2020-07-02,55.94,OPEN,0.81,204.0,0.0,7.0
+,AWK,2020-07-02,USD,131.06,2021-06-20,165.35,26.16,19.0,2020-07-02,131.06,OPEN,0.0,0.0,0.0,0.0
+,ITW,2020-07-02,USD,174.6,2021-01-07,194.99,11.68,16.0,2020-07-02,174.6,OPEN,0.0,0.0,1.0,0.0
+,AWK,2020-07-02,USD,131.06,2020-11-07,141.73,8.14,16.0,2020-07-02,131.06,OPEN,0.0,0.0,1.0,0.0
+,DHR,2020-07-02,USD,179.68,2020-12-07,195.29,8.69,14.0,2020-07-02,179.68,OPEN,0.0,0.0,1.0,0.0
+,AWK,2020-07-02,USD,131.06,2020-09-23,139.2,6.21,19.0,2020-07-02,131.06,OPEN,0.0,0.0,1.0,0.0
+,CCI,2020-07-02,USD,170.72,2021-01-03,192.4,12.7,17.0,2020-07-02,170.72,OPEN,0.0,0.0,1.0,0.0
+,VHT,2020-07-02,USD,195.65,2020-11-12,203.26,3.89,7.0,2020-07-02,195.65,OPEN,0.0,0.0,1.0,0.0
+,XLV,2020-07-02,USD,101.6,2021-03-11,107.95,6.25,6.0,2020-07-02,101.6,OPEN,0.0,0.0,0.0,0.0
+,QQQ,2020-07-02,USD,252.19,2020-12-06,267.65,6.13,10.0,2020-07-02,252.19,OPEN,0.0,0.0,1.0,0.0
+,LULU,2020-07-02,USD,304.77,2021-03-08,403.15,32.28,33.0,2020-07-02,304.77,OPEN,0.0,0.0,0.0,0.0
+,XLV,2020-07-02,USD,101.6,2020-10-30,105.48,3.82,8.0,2020-07-02,101.6,OPEN,0.0,0.0,1.0,0.0
+,ITW,2020-07-02,USD,174.6,2021-01-16,197.82,13.3,17.0,2020-07-02,174.6,OPEN,0.0,0.0,1.0,0.0
+,LOW,2020-07-02,USD,135.71,2021-04-24,152.32,12.24,10.0,2020-07-02,135.71,OPEN,0.0,0.0,0.0,0.0
+,EQR,2020-07-02,USD,60.59,2021-03-15,66.27,9.37,9.0,2020-07-02,60.59,OPEN,0.0,0.0,0.0,0.0
+,CCI,2020-07-02,USD,170.72,2020-11-01,176.71,3.51,7.0,2020-07-02,170.72,OPEN,0.0,0.0,1.0,0.0
+,IYH,2020-07-02,USD,218.87,2020-10-17,225.96,3.24,8.0,2020-07-02,218.87,OPEN,0.0,0.0,1.0,0.0
+,VHT,2020-07-02,USD,195.65,2020-09-26,202.2,3.35,10.0,2020-07-02,195.65,OPEN,0.0,0.0,1.0,0.0
+,IYH,2020-07-02,USD,218.87,2021-01-26,228.61,4.45,5.0,2020-07-02,218.87,OPEN,0.0,0.0,0.0,0.0
+,RIO,2020-07-02,USD,56.29,2021-04-01,66.63,18.37,17.0,2020-07-02,56.29,OPEN,0.0,0.0,0.0,0.0
+,RIO,2020-07-02,USD,56.29,2021-02-13,62.15,10.41,12.0,2020-07-02,56.29,OPEN,0.0,0.0,0.0,0.0
+,DHR,2020-07-02,USD,179.68,2020-11-18,189.89,5.68,10.0,2020-07-02,179.68,OPEN,0.0,0.0,1.0,0.0
+,LNVGY,2020-07-02,USD,11.7,2021-04-20,14.5,23.93,21.0,2020-07-02,11.7,OPEN,0.0,0.0,0.0,0.0
+,AVB,2020-07-02,USD,159.92,2021-01-18,169.66,6.09,8.0,2020-07-02,159.92,OPEN,0.0,0.0,0.0,0.0
+,QQQ,2020-07-02,USD,252.19,2020-10-08,258.19,2.38,6.0,2020-07-02,252.19,OPEN,0.0,0.0,1.0,0.0
+,CAT,2020-07-02,USD,127.72,2021-04-22,140.93,10.34,9.0,2020-07-02,127.72,OPEN,0.0,0.0,0.0,0.0
+,CCI,2020-07-02,USD,170.72,2020-08-08,174.99,2.5,17.0,2020-07-02,170.72,OPEN,0.0,0.0,3.0,0.0
+,LULU,2020-07-02,USD,304.77,2021-05-28,369.44,21.22,16.0,2020-07-02,304.77,OPEN,0.0,0.0,0.0,0.0
-,ASX-SCG,2020-07-02,AUD,2.32,2021-01-03,2.78,19.83,27.0,2020-07-03,2.25,OPEN,-3.02,-761.0,1.0,-15.0
-,ASX-CAR,2020-07-02,AUD,18.26,2021-04-28,21.0,15.01,13.0,2020-07-03,18.16,OPEN,-0.55,-139.0,0.0,-4.0
-,ASX-CAR,2020-07-02,AUD,18.26,2021-04-23,22.13,21.19,18.0,2020-07-03,18.16,OPEN,-0.55,-139.0,0.0,-3.0
-,ASX-RHC,2020-07-02,AUD,67.57,2021-01-19,75.0,11.0,14.0,2020-07-03,67.25,OPEN,-0.47,-118.0,0.0,-4.0
-,ASX-SCG,2020-07-02,AUD,2.32,2020-09-27,2.55,9.91,29.0,2020-07-03,2.25,OPEN,-3.02,-761.0,1.0,-30.0
-,ASX-MFG,2020-07-02,AUD,61.68,2021-03-18,81.18,31.61,31.0,2020-07-03,62.45,OPEN,1.25,315.0,0.0,4.0
-,ASX-WBC,2020-07-02,AUD,18.61,2021-03-31,20.45,9.89,9.0,2020-07-03,18.54,OPEN,-0.38,-96.0,0.0,-4.0
-,ASX-ARB,2020-07-02,AUD,18.85,2021-03-06,21.04,11.62,12.0,2020-07-03,18.79,OPEN,-0.32,-81.0,0.0,-3.0
-,ASX-WBC,2020-07-02,AUD,18.61,2021-05-18,20.53,10.32,8.0,2020-07-03,18.54,OPEN,-0.38,-96.0,0.0,-4.0
-,ASX-CPU,2020-07-02,AUD,13.48,2021-05-17,15.02,11.42,9.0,2020-07-03,13.46,OPEN,-0.15,-38.0,0.0,-1.0
-,ASX-ANZ,2020-07-02,AUD,19.26,2021-04-03,20.45,6.18,6.0,2020-07-03,19.19,OPEN,-0.36,-91.0,0.0,-6.0
-,ASX-MFG,2020-07-02,AUD,61.68,2021-01-15,71.22,15.47,20.0,2020-07-03,62.45,OPEN,1.25,315.0,1.0,8.0
-,ASX-MFG,2020-07-02,AUD,61.68,2021-03-29,77.78,26.1,24.0,2020-07-03,62.45,OPEN,1.25,315.0,0.0,5.0
-,ASX-CAR,2020-07-02,AUD,18.26,2020-10-13,19.69,7.83,19.0,2020-07-03,18.16,OPEN,-0.55,-139.0,1.0,-7.0
-,ASX-CBA,2020-07-02,AUD,71.1,2021-02-07,75.94,6.81,8.0,2020-07-03,71.57,OPEN,0.66,166.0,0.0,10.0
-,ASX-MFG,2020-07-02,AUD,61.68,2021-02-04,68.96,11.8,14.0,2020-07-03,62.45,OPEN,1.25,315.0,0.0,11.0
-,ASX-ARB,2020-07-02,AUD,18.85,2021-04-02,21.67,14.96,14.0,2020-07-03,18.79,OPEN,-0.32,-81.0,0.0,-2.0
-,ASX-RHC,2020-07-02,AUD,67.57,2020-11-25,71.97,6.51,11.0,2020-07-03,67.25,OPEN,-0.47,-118.0,1.0,-7.0
-,ASX-ASX,2020-07-02,AUD,87.16,2021-06-17,95.0,8.99,6.0,2020-07-03,87.59,OPEN,0.49,123.0,0.0,5.0
-,ASX-SEK,2020-07-02,AUD,21.99,2021-07-01,26.71,21.46,15.0,2020-07-03,22.27,OPEN,1.27,320.0,0.0,6.0
-,ASX-MFG,2020-07-02,AUD,61.68,2020-09-25,66.9,8.46,25.0,2020-07-03,62.45,OPEN,1.25,315.0,1.0,15.0
-,ASX-ANZ,2020-07-02,AUD,19.26,2021-06-24,20.55,6.7,5.0,2020-07-03,19.19,OPEN,-0.36,-91.0,0.0,-5.0
-,0435.HK,2020-07-02,HKD,4.05,2021-01-24,4.4,8.64,11.0,2020-07-03,4.03,OPEN,-0.49,-123.0,0.0,-6.0
-,0689.HK,2020-07-02,HKD,0.04,2021-01-28,0.11,175.0,210.0,2020-07-03,0.04,OPEN,0.0,0.0,0.0,0.0
-,0868.HK,2020-07-02,HKD,9.65,2021-04-08,12.71,31.71,29.0,2020-07-03,9.7,OPEN,0.52,131.0,0.0,2.0
-,0459.HK,2020-07-02,HKD,0.09,2020-10-15,0.14,55.56,133.0,2020-07-03,0.09,OPEN,0.0,0.0,1.0,0.0
-,3898.HK,2020-07-02,HKD,20.45,2021-06-26,31.73,55.16,39.0,2020-07-03,20.75,OPEN,1.47,370.0,0.0,3.0
-,0435.HK,2020-07-02,HKD,4.05,2021-02-19,4.43,9.38,10.0,2020-07-03,4.03,OPEN,-0.49,-123.0,0.0,-5.0
-,0868.HK,2020-07-02,HKD,9.65,2021-01-25,11.2,16.06,20.0,2020-07-03,9.7,OPEN,0.52,131.0,0.0,3.0
-,0083.HK,2020-07-02,HKD,10.3,2021-05-12,11.56,12.23,10.0,2020-07-03,10.34,OPEN,0.39,98.0,0.0,3.0
-,8206.HK,2020-07-02,HKD,0.19,2021-04-10,0.42,121.05,108.0,2020-07-03,0.18,OPEN,-5.26,-1326.0,0.0,-4.0
-,0006.HK,2020-07-02,HKD,43.75,2021-06-22,47.79,9.23,7.0,2020-07-03,43.65,OPEN,-0.23,-58.0,0.0,-2.0
-,0173.HK,2020-07-02,HKD,3.5,2021-05-25,4.69,34.0,26.0,2020-07-03,3.49,OPEN,-0.29,-73.0,0.0,-1.0
-,0689.HK,2020-07-02,HKD,0.04,2020-11-13,0.07,75.0,141.0,2020-07-03,0.04,OPEN,0.0,0.0,1.0,0.0
-,2328.HK,2020-07-02,HKD,6.92,2021-05-28,8.83,27.6,21.0,2020-07-03,7.06,OPEN,2.02,509.0,0.0,7.0
-,0006.HK,2020-07-02,HKD,43.75,2020-12-05,45.88,4.87,8.0,2020-07-03,43.65,OPEN,-0.23,-58.0,1.0,-5.0
-,2628.HK,2020-07-02,HKD,17.12,2021-05-26,20.35,18.87,14.0,2020-07-03,17.62,OPEN,2.92,736.0,0.0,15.0
+,ASX-CGC,2020-07-03,AUD,3.08,2020-10-09,3.92,27.27,70.0,2020-07-03,3.08,OPEN,0.0,0.0,1.0,0.0
+,ASX-CGC,2020-07-03,AUD,3.08,2021-01-15,4.38,42.21,54.0,2020-07-03,3.08,OPEN,0.0,0.0,1.0,0.0
+,ASX-S32,2020-07-03,AUD,2.13,2021-03-12,2.92,37.09,37.0,2020-07-03,2.13,OPEN,0.0,0.0,0.0,0.0
+,ASX-REA,2020-07-03,AUD,110.71,2021-01-12,146.05,31.92,42.0,2020-07-03,110.71,OPEN,0.0,0.0,1.0,0.0
+,ASX-REA,2020-07-03,AUD,110.71,2021-01-10,137.14,23.87,31.0,2020-07-03,110.71,OPEN,0.0,0.0,1.0,0.0
+,ASX-TWE,2020-07-03,AUD,11.01,2020-10-31,12.4,12.62,27.0,2020-07-03,11.01,OPEN,0.0,0.0,1.0,0.0
+,ASX-PGH,2020-07-03,AUD,2.26,2021-02-08,2.51,11.06,13.0,2020-07-03,2.26,OPEN,0.0,0.0,0.0,0.0
+,ASX-S32,2020-07-03,AUD,2.13,2020-10-29,2.45,15.02,32.0,2020-07-03,2.13,OPEN,0.0,0.0,1.0,0.0
+,ASX-AGL,2020-07-03,AUD,17.59,2021-05-25,18.93,7.62,6.0,2020-07-03,17.59,OPEN,0.0,0.0,0.0,0.0
+,ASX-TWE,2020-07-03,AUD,11.01,2020-12-27,13.69,24.34,35.0,2020-07-03,11.01,OPEN,0.0,0.0,1.0,0.0
+,ASX-REA,2020-07-03,AUD,110.71,2020-10-04,123.47,11.53,31.0,2020-07-03,110.71,OPEN,0.0,0.0,1.0,0.0
+,INDEXASX-XJO,2020-07-03,USD,6057.9,2020-11-24,6259.02,3.32,6.0,2020-07-03,6057.9,OPEN,0.0,0.0,1.0,0.0
+,ASX-CAR,2020-07-03,AUD,18.16,2021-02-19,20.2,11.23,12.0,2020-07-03,18.16,OPEN,0.0,0.0,0.0,0.0
+,ASX-COH,2020-07-03,AUD,204.0,2021-03-07,221.54,8.6,9.0,2020-07-03,204.0,OPEN,0.0,0.0,0.0,0.0
+,ASX-COH,2020-07-03,AUD,204.0,2021-05-17,238.72,17.02,13.0,2020-07-03,204.0,OPEN,0.0,0.0,0.0,0.0
+,ASX-COH,2020-07-03,AUD,204.0,2020-09-21,214.63,5.21,16.0,2020-07-03,204.0,OPEN,0.0,0.0,1.0,0.0
+,INDEXASX-XJO,2020-07-03,USD,6057.9,2021-01-27,6375.33,5.24,6.0,2020-07-03,6057.9,OPEN,0.0,0.0,0.0,0.0
+,STW,2020-07-03,USD,56.12,2020-12-17,57.81,3.01,5.0,2020-07-03,56.12,OPEN,0.0,0.0,1.0,0.0
+,ASX-S32,2020-07-03,AUD,2.13,2020-10-31,2.29,7.51,16.0,2020-07-03,2.13,OPEN,0.0,0.0,1.0,0.0
+,ASX-AGL,2020-07-03,AUD,17.59,2020-12-03,18.22,3.58,6.0,2020-07-03,17.59,OPEN,0.0,0.0,1.0,0.0
+,ASX-BGA,2020-07-03,AUD,4.98,2020-12-14,5.58,12.05,19.0,2020-07-03,4.98,OPEN,0.0,0.0,1.0,0.0
+,STW,2020-07-03,USD,56.12,2021-01-25,57.88,3.14,4.0,2020-07-03,56.12,OPEN,0.0,0.0,0.0,0.0
+,ASX-OZL,2020-07-03,AUD,11.64,2021-03-11,13.49,15.89,16.0,2020-07-03,11.64,OPEN,0.0,0.0,0.0,0.0
+,ASX-TWE,2020-07-03,AUD,11.01,2020-09-05,11.45,4.0,16.0,2020-07-03,11.01,OPEN,0.0,0.0,2.0,0.0
+,ASX-CPU,2020-07-03,AUD,13.46,2021-05-11,14.6,8.47,7.0,2020-07-03,13.46,OPEN,0.0,0.0,0.0,0.0
+,INDEXASX-XJO,2020-07-03,USD,6057.9,2020-09-05,6140.29,1.36,5.0,2020-07-03,6057.9,OPEN,0.0,0.0,2.0,0.0
+,ASX-CGC,2020-07-03,AUD,3.08,2020-09-09,3.3,7.14,26.0,2020-07-03,3.08,OPEN,0.0,0.0,1.0,0.0
+,1310.HK,2020-07-03,HKD,13.64,2021-01-22,15.05,10.34,13.0,2020-07-03,13.64,OPEN,0.0,0.0,0.0,0.0
+,0435.HK,2020-07-03,HKD,4.03,2020-12-20,4.43,9.93,15.0,2020-07-03,4.03,OPEN,0.0,0.0,1.0,0.0
+,0435.HK,2020-07-03,HKD,4.03,2021-01-25,4.38,8.68,11.0,2020-07-03,4.03,OPEN,0.0,0.0,0.0,0.0
+,0689.HK,2020-07-03,HKD,0.04,2021-01-29,0.11,175.0,210.0,2020-07-03,0.04,OPEN,0.0,0.0,0.0,0.0
+,0808.HK,2020-07-03,HKD,2.37,2020-12-16,2.58,8.86,13.0,2020-07-03,2.37,OPEN,0.0,0.0,1.0,0.0
+,0435.HK,2020-07-03,HKD,4.03,2021-02-15,4.47,10.92,12.0,2020-07-03,4.03,OPEN,0.0,0.0,0.0,0.0
+,0459.HK,2020-07-03,HKD,0.09,2020-10-16,0.14,55.56,133.0,2020-07-03,0.09,OPEN,0.0,0.0,1.0,0.0
+,0052.HK,2020-07-03,HKD,17.84,2021-04-06,21.1,18.27,17.0,2020-07-03,17.84,OPEN,0.0,0.0,0.0,0.0
+,0083.HK,2020-07-03,HKD,10.34,2021-06-06,12.12,17.21,13.0,2020-07-03,10.34,OPEN,0.0,0.0,0.0,0.0
+,2208.HK,2020-07-03,HKD,6.8,2021-05-28,9.07,33.38,26.0,2020-07-03,6.8,OPEN,0.0,0.0,0.0,0.0
+,0435.HK,2020-07-03,HKD,4.03,2021-02-20,4.4,9.18,10.0,2020-07-03,4.03,OPEN,0.0,0.0,0.0,0.0
+,2778.HK,2020-07-03,HKD,4.24,2021-07-01,4.8,13.21,9.0,2020-07-03,4.24,OPEN,0.0,0.0,0.0,0.0
+,1881.HK,2020-07-03,HKD,1.26,2021-01-22,1.37,8.73,11.0,2020-07-03,1.26,OPEN,0.0,0.0,0.0,0.0
+,2628.HK,2020-07-03,HKD,17.62,2021-03-19,20.83,18.22,18.0,2020-07-03,17.62,OPEN,0.0,0.0,0.0,0.0
+,0808.HK,2020-07-03,HKD,2.37,2020-12-05,2.56,8.02,13.0,2020-07-03,2.37,OPEN,0.0,0.0,1.0,0.0
+,0689.HK,2020-07-03,HKD,0.04,2020-11-14,0.07,75.0,141.0,2020-07-03,0.04,OPEN,0.0,0.0,1.0,0.0
+,0083.HK,2020-07-03,HKD,10.34,2021-05-20,11.55,11.7,9.0,2020-07-03,10.34,OPEN,0.0,0.0,0.0,0.0
+,2778.HK,2020-07-03,HKD,4.24,2021-03-01,4.56,7.55,8.0,2020-07-03,4.24,OPEN,0.0,0.0,0.0,0.0
+,2628.HK,2020-07-03,HKD,17.62,2021-05-27,20.95,18.9,15.0,2020-07-03,17.62,OPEN,0.0,0.0,0.0,0.0
+,1881.HK,2020-07-03,HKD,1.26,2021-03-17,1.36,7.94,8.0,2020-07-03,1.26,OPEN,0.0,0.0,0.0,0.0
+,0052.HK,2020-07-03,HKD,17.84,2021-01-21,19.13,7.23,9.0,2020-07-03,17.84,OPEN,0.0,0.0,0.0,0.0
